1 2 21 2 3 20 3 4 19 4 5 18 5 6 17 6 7 16 7 8 15 8 9 14
9 10 13 10 11 12 11 0 0 12 0 0 13 0 0 14 0 0 15 0 0 16 0 0
17 0 0 18 0 0 19 0 0 20 0 0 21 0 0
1 2 13 2 3 12 3 4 11 4 5 10 5 6 9 6 7 8 7 0 0 8 0 0
9 0 0 10 0 0 11 0 0 12 0 0 13 0 0
1 2 13 2 3 12 3 4 11 4 5 10 5 6 9 6 7 8 7 0 0 8 0 0
9 0 0 10 0 0 11 0 0 12 0 0 13 0 0
1 2 13 2 3 12 3 4 11 4 5 10 5 6 9 6 7 8 7 0 0 8 0 0
9 0 0 10 0 0 11 0 0 12 0 0 13 0 0
1 2 15 2 3 14 3 4 13 4 5 12 5 6 7 6 0 0 7 8 11 8 9 10
9 0 0 10 0 0 11 0 0 12 0 0 13 0 0 14 0 0 15 0 0
1 2 15 2 3 14 3 4 13 4 5 12 5 6 7 6 0 0 7 8 11 8 9 10
9 0 0 10 0 0 11 0 0 12 0 0 13 0 0 14 0 0 15 0 0
1 2 13 2 3 12 3 4 11 4 5 10 5 6 9 6 7 8 7 0 0 8 0 0
9 0 0 10 0 0 11 0 0 12 0 0 13 0 0
1 2 13 2 3 12 3 4 11 4 5 10 5 6 9 6 7 8 7 0 0 8 0 0
9 0 0 10 0 0 11 0 0 12 0 0 13 0 0
1 2 15 2 3 14 3 4 13 4 5 12 5 6 11 6 7 10 7 8 9 8 0 0
9 0 0 10 0 0 11 0 0 12 0 0 13 0 0 14 0 0 15 0 0
1 2 15 2 3 14 3 4 13 4 5 12 5 6 11 6 7 10 7 8 9 8 0 0
9 0 0 10 0 0 11 0 0 12 0 0 13 0 0 14 0 0 15 0 0
1 2 13 2 3 12 3 4 11 4 5 10 5 6 9 6 7 8 7 0 0 8 0 0
9 0 0 10 0 0 11 0 0 12 0 0 13 0 0
1 2 31 2 3 30 3 4 29 4 5 6 5 0 0 6 7 28 7 8 27 8 9 26
9 10 25 10 11 24 11 12 23 12 13 22 13 14 21 14 15 20 15 16 19 16 17 18
17 0 0 18 0 0 19 0 0 20 0 0 21 0 0 22 0 0 23 0 0 24 0 0
25 0 0 26 0 0 27 0 0 28 0 0 29 0 0 30 0 0 31 0 0
1 2 17 2 3 16 3 4 15 4 5 14 5 6 13 6 7 12 7 8 11 8 9 10
9 0 0 10 0 0 11 0 0 12 0 0 13 0 0 14 0 0 15 0 0 16 0 0
17 0 0
1 2 17 2 3 16 3 4 15 4 5 14 5 6 13 6 7 12 7 8 11 8 9 10
9 0 0 10 0 0 11 0 0 12 0 0 13 0 0 14 0 0 15 0 0 16 0 0
17 0 0
1 2 31 2 3 30 3 4 29 4 5 6 5 0 0 6 7 28 7 8 27 8 9 26
9 10 25 10 11 24 11 12 23 12 13 22 13 14 21 14 15 20 15 16 19 16 17 18
17 0 0 18 0 0 19 0 0 20 0 0 21 0 0 22 0 0 23 0 0 24 0 0
25 0 0 26 0 0 27 0 0 28 0 0 29 0 0 30 0 0 31 0 0
1 2 27 2 3 26 3 4 25 4 5 6 5 0 0 6 7 24 7 8 23 8 9 22
9 10 21 10 11 20 11 12 19 12 13 18 13 14 17 14 15 16 15 0 0 16 0 0
17 0 0 18 0 0 19 0 0 20 0 0 21 0 0 22 0 0 23 0 0 24 0 0
25 0 0 26 0 0 27 0 0
1 2 15 2 3 14 3 4 5 4 0 0 5 6 13 6 7 8 7 0 0 8 9 12
9 10 11 10 0 0 11 0 0 12 0 0 13 0 0 14 0 0 15 0 0
1 2 15 2 3 14 3 4 13 4 5 12 5 6 11 6 7 10 7 8 9 8 0 0
9 0 0 10 0 0 11 0 0 12 0 0 13 0 0 14 0 0 15 0 0
1 2 27 2 3 26 3 4 25 4 5 6 5 0 0 6 7 24 7 8 23 8 9 22
9 10 21 10 11 20 11 12 19 12 13 18 13 14 17 14 15 16 15 0 0 16 0 0
17 0 0 18 0 0 19 0 0 20 0 0 21 0 0 22 0 0 23 0 0 24 0 0
25 0 0 26 0 0 27 0 0
1 2 13 2 3 12 3 4 11 4 5 10 5 6 9 6 7 8 7 0 0 8 0 0
9 0 0 10 0 0 11 0 0 12 0 0 13 0 0
1 2 17 2 3 16 3 4 15 4 5 14 5 6 13 6 7 12 7 8 11 8 9 10
9 0 0 10 0 0 11 0 0 12 0 0 13 0 0 14 0 0 15 0 0 16 0 0
17 0 0
1 2 17 2 3 16 3 4 15 4 5 14 5 6 13 6 7 12 7 8 11 8 9 10
9 0 0 10 0 0 11 0 0 12 0 0 13 0 0 14 0 0 15 0 0 16 0 0
17 0 0
1 2 13 2 3 12 3 4 11 4 5 10 5 6 9 6 7 8 7 0 0 8 0 0
9 0 0 10 0 0 11 0 0 12 0 0 13 0 0
1 2 23 2 3 22 3 4 21 4 5 20 5 6 7 6 0 0 7 8 19 8 9 10
9 0 0 10 11 18 11 12 13 12 0 0 13 14 17 14 15 16 15 0 0 16 0 0
17 0 0 18 0 0 19 0 0 20 0 0 21 0 0 22 0 0 23 0 0
1 2 15 2 3 14 3 4 13 4 5 12 5 6 11 6 7 10 7 8 9 8 0 0
9 0 0 10 0 0 11 0 0 12 0 0 13 0 0 14 0 0 15 0 0
1 2 23 2 3 22 3 4 21 4 5 20 5 6 19 6 7 8 7 0 0 8 9 18
9 10 17 10 11 12 11 0 0 12 13 16 13 14 15 14 0 0 15 0 0 16 0 0
17 0 0 18 0 0 19 0 0 20 0 0 21 0 0 22 0 0 23 0 0
1 2 15 2 3 14 3 4 13 4 5 12 5 6 11 6 7 10 7 8 9 8 0 0
9 0 0 10 0 0 11 0 0 12 0 0 13 0 0 14 0 0 15 0 0
1 2 31 2 3 30 3 4 29 4 5 6 5 0 0 6 7 28 7 8 27 8 9 26
9 10 25 10 11 24 11 12 23 12 13 22 13 14 21 14 15 20 15 16 19 16 17 18
17 0 0 18 0 0 19 0 0 20 0 0 21 0 0 22 0 0 23 0 0 24 0 0
25 0 0 26 0 0 27 0 0 28 0 0 29 0 0 30 0 0 31 0 0
1 2 13 2 3 12 3 4 11 4 5 10 5 6 9 6 7 8 7 0 0 8 0 0
9 0 0 10 0 0 11 0 0 12 0 0 13 0 0
1 2 31 2 3 30 3 4 29 4 5 6 5 0 0 6 7 28 7 8 27 8 9 26
9 10 25 10 11 24 11 12 23 12 13 22 13 14 21 14 15 20 15 16 19 16 17 18
17 0 0 18 0 0 19 0 0 20 0 0 21 0 0 22 0 0 23 0 0 24 0 0
25 0 0 26 0 0 27 0 0 28 0 0 29 0 0 30 0 0 31 0 0
1 2 13 2 3 12 3 4 11 4 5 10 5 6 9 6 7 8 7 0 0 8 0 0
9 0 0 10 0 0 11 0 0 12 0 0 13 0 0
1 2 31 2 3 30 3 4 29 4 5 28 5 6 27 6 7 26 7 8 25 8 9 24
9 10 23 10 11 22 11 12 21 12 13 20 13 14 19 14 15 18 15 16 17 16 0 0
17 0 0 18 0 0 19 0 0 20 0 0 21 0 0 22 0 0 23 0 0 24 0 0
25 0 0 26 0 0 27 0 0 28 0 0 29 0 0 30 0 0 31 0 0
1 2 13 2 3 12 3 4 11 4 5 10 5 6 9 6 7 8 7 0 0 8 0 0
9 0 0 10 0 0 11 0 0 12 0 0 13 0 0
1 2 31 2 3 30 3 4 29 4 5 6 5 0 0 6 7 28 7 8 27 8 9 26
9 10 25 10 11 24 11 12 23 12 13 22 13 14 21 14 15 20 15 16 19 16 17 18
17 0 0 18 0 0 19 0 0 20 0 0 21 0 0 22 0 0 23 0 0 24 0 0
25 0 0 26 0 0 27 0 0 28 0 0 29 0 0 30 0 0 31 0 0
1 2 13 2 3 12 3 4 11 4 5 10 5 6 9 6 7 8 7 0 0 8 0 0
9 0 0 10 0 0 11 0 0 12 0 0 13 0 0
1 2 21 2 3 20 3 4 19 4 5 18 5 6 17 6 7 16 7 8 15 8 9 14
9 10 13 10 11 12 11 0 0 12 0 0 13 0 0 14 0 0 15 0 0 16 0 0
17 0 0 18 0 0 19 0 0 20 0 0 21 0 0
1 2 19 2 3 18 3 4 17 4 5 16 5 6 15 6 7 14 7 8 13 8 9 12
9 10 11 10 0 0 11 0 0 12 0 0 13 0 0 14 0 0 15 0 0 16 0 0
17 0 0 18 0 0 19 0 0
1 2 21 2 3 20 3 4 19 4 5 18 5 6 17 6 7 16 7 8 15 8 9 14
9 10 13 10 11 12 11 0 0 12 0 0 13 0 0 14 0 0 15 0 0 16 0 0
17 0 0 18 0 0 19 0 0 20 0 0 21 0 0
1 2 19 2 3 18 3 4 17 4 5 16 5 6 15 6 7 14 7 8 13 8 9 10
9 0 0 10 11 12 11 0 0 12 0 0 13 0 0 14 0 0 15 0 0 16 0 0
17 0 0 18 0 0 19 0 0
1 2 23 2 3 22 3 4 21 4 5 20 5 6 19 6 7 18 7 8 17 8 9 16
9 10 15 10 11 14 11 12 13 12 0 0 13 0 0 14 0 0 15 0 0 16 0 0
17 0 0 18 0 0 19 0 0 20 0 0 21 0 0 22 0 0 23 0 0
1 2 9 2 3 8 3 4 7 4 5 6 5 0 0 6 0 0 7 0 0 8 0 0 9 0 0
1 2 9 2 3 8 3 4 7 4 5 6 5 0 0 6 0 0 7 0 0 8 0 0 9 0 0
1 2 23 2 3 22 3 4 21 4 5 20 5 6 19 6 7 18 7 8 17 8 9 16
9 10 15 10 11 14 11 12 13 12 0 0 13 0 0 14 0 0 15 0 0 16 0 0
17 0 0 18 0 0 19 0 0 20 0 0 21 0 0 22 0 0 23 0 0
1 2 19 2 3 18 3 4 17 4 5 6 5 0 0 6 7 8 7 0 0 8 9 16
9 10 11 10 0 0 11 12 15 12 13 14 13 0 0 14 0 0 15 0 0 16 0 0
17 0 0 18 0 0 19 0 0
1 2 23 2 3 22 3 4 21 4 5 20 5 6 19 6 7 18 7 8 17 8 9 16
9 10 15 10 11 14 11 12 13 12 0 0 13 0 0 14 0 0 15 0 0 16 0 0
17 0 0 18 0 0 19 0 0 20 0 0 21 0 0 22 0 0 23 0 0
1 2 19 2 3 18 3 4 17 4 5 6 5 0 0 6 7 16 7 8 9 8 0 0
9 10 11 10 0 0 11 12 15 12 13 14 13 0 0 14 0 0 15 0 0 16 0 0
17 0 0 18 0 0 19 0 0
1 2 21 2 3 20 3 4 19 4 5 18 5 6 17 6 7 16 7 8 15 8 9 14
9 10 13 10 11 12 11 0 0 12 0 0 13 0 0 14 0 0 15 0 0 16 0 0
17 0 0 18 0 0 19 0 0 20 0 0 21 0 0
1 2 17 2 3 16 3 4 15 4 5 14 5 6 13 6 7 8 7 0 0 8 9 12
9 10 11 10 0 0 11 0 0 12 0 0 13 0 0 14 0 0 15 0 0 16 0 0
17 0 0
1 2 21 2 3 20 3 4 19 4 5 18 5 6 17 6 7 16 7 8 15 8 9 14
9 10 13 10 11 12 11 0 0 12 0 0 13 0 0 14 0 0 15 0 0 16 0 0
17 0 0 18 0 0 19 0 0 20 0 0 21 0 0
1 2 17 2 3 16 3 4 15 4 5 14 5 6 13 6 7 8 7 0 0 8 9 12
9 10 11 10 0 0 11 0 0 12 0 0 13 0 0 14 0 0 15 0 0 16 0 0
17 0 0
1 2 23 2 3 22 3 4 21 4 5 20 5 6 19 6 7 18 7 8 17 8 9 16
9 10 15 10 11 14 11 12 13 12 0 0 13 0 0 14 0 0 15 0 0 16 0 0
17 0 0 18 0 0 19 0 0 20 0 0 21 0 0 22 0 0 23 0 0
1 2 21 2 3 20 3 4 19 4 5 18 5 6 17 6 7 8 7 0 0 8 9 16
9 10 15 10 11 14 11 12 13 12 0 0 13 0 0 14 0 0 15 0 0 16 0 0
17 0 0 18 0 0 19 0 0 20 0 0 21 0 0
1 2 23 2 3 22 3 4 21 4 5 20 5 6 19 6 7 18 7 8 17 8 9 16
9 10 15 10 11 14 11 12 13 12 0 0 13 0 0 14 0 0 15 0 0 16 0 0
17 0 0 18 0 0 19 0 0 20 0 0 21 0 0 22 0 0 23 0 0
1 2 21 2 3 20 3 4 19 4 5 18 5 6 17 6 7 8 7 0 0 8 9 16
9 10 15 10 11 14 11 12 13 12 0 0 13 0 0 14 0 0 15 0 0 16 0 0
17 0 0 18 0 0 19 0 0 20 0 0 21 0 0
1 2 19 2 3 18 3 4 17 4 5 16 5 6 15 6 7 14 7 8 13 8 9 10
9 0 0 10 11 12 11 0 0 12 0 0 13 0 0 14 0 0 15 0 0 16 0 0
17 0 0 18 0 0 19 0 0
1 2 21 2 3 20 3 4 19 4 5 18 5 6 17 6 7 8 7 0 0 8 9 16
9 10 11 10 0 0 11 12 15 12 13 14 13 0 0 14 0 0 15 0 0 16 0 0
17 0 0 18 0 0 19 0 0 20 0 0 21 0 0
1 2 19 2 3 18 3 4 17 4 5 16 5 6 15 6 7 14 7 8 11 8 9 10
9 0 0 10 0 0 11 12 13 12 0 0 13 0 0 14 0 0 15 0 0 16 0 0
17 0 0 18 0 0 19 0 0
1 2 21 2 3 20 3 4 19 4 5 18 5 6 17 6 7 16 7 8 15 8 9 14
9 10 11 10 0 0 11 12 13 12 0 0 13 0 0 14 0 0 15 0 0 16 0 0
17 0 0 18 0 0 19 0 0 20 0 0 21 0 0
1 2 11 2 3 10 3 4 9 4 5 8 5 6 7 6 0 0 7 0 0 8 0 0
9 0 0 10 0 0 11 0 0
1 2 23 2 3 22 3 4 21 4 5 20 5 6 19 6 7 18 7 8 17 8 9 16
9 10 15 10 11 14 11 12 13 12 0 0 13 0 0 14 0 0 15 0 0 16 0 0
17 0 0 18 0 0 19 0 0 20 0 0 21 0 0 22 0 0 23 0 0
1 2 23 2 3 22 3 4 21 4 5 20 5 6 19 6 7 8 7 0 0 8 9 18
9 10 17 10 11 16 11 12 15 12 13 14 13 0 0 14 0 0 15 0 0 16 0 0
17 0 0 18 0 0 19 0 0 20 0 0 21 0 0 22 0 0 23 0 0
1 2 11 2 3 10 3 4 9 4 5 8 5 6 7 6 0 0 7 0 0 8 0 0
9 0 0 10 0 0 11 0 0
1 2 17 2 3 16 3 4 15 4 5 14 5 6 13 6 7 12 7 8 11 8 9 10
9 0 0 10 0 0 11 0 0 12 0 0 13 0 0 14 0 0 15 0 0 16 0 0
17 0 0
1 2 17 2 3 16 3 4 15 4 5 14 5 6 13 6 7 12 7 8 11 8 9 10
9 0 0 10 0 0 11 0 0 12 0 0 13 0 0 14 0 0 15 0 0 16 0 0
17 0 0
1 2 17 2 3 16 3 4 15 4 5 14 5 6 13 6 7 12 7 8 11 8 9 10
9 0 0 10 0 0 11 0 0 12 0 0 13 0 0 14 0 0 15 0 0 16 0 0
17 0 0
1 2 17 2 3 16 3 4 15 4 5 14 5 6 13 6 7 12 7 8 11 8 9 10
9 0 0 10 0 0 11 0 0 12 0 0 13 0 0 14 0 0 15 0 0 16 0 0
17 0 0
1 2 3 2 0 0 3 4 5 4 0 0 5 6 21 6 7 20 7 8 19 8 9 18
9 10 17 10 11 16 11 12 13 12 0 0 13 14 15 14 0 0 15 0 0 16 0 0
17 0 0 18 0 0 19 0 0 20 0 0 21 0 0
1 2 23 2 3 22 3 4 21 4 5 20 5 6 7 6 0 0 7 8 19 8 9 10
9 0 0 10 11 18 11 12 13 12 0 0 13 14 17 14 15 16 15 0 0 16 0 0
17 0 0 18 0 0 19 0 0 20 0 0 21 0 0 22 0 0 23 0 0
1 2 3 2 0 0 3 4 5 4 0 0 5 6 21 6 7 20 7 8 19 8 9 18
9 10 17 10 11 16 11 12 13 12 0 0 13 14 15 14 0 0 15 0 0 16 0 0
17 0 0 18 0 0 19 0 0 20 0 0 21 0 0
1 2 3 2 0 0 3 4 5 4 0 0 5 6 23 6 7 22 7 8 21 8 9 20
9 10 19 10 11 18 11 12 13 12 0 0 13 14 17 14 15 16 15 0 0 16 0 0
17 0 0 18 0 0 19 0 0 20 0 0 21 0 0 22 0 0 23 0 0
1 2 7 2 3 6 3 4 5 4 0 0 5 0 0 6 0 0 7 0 0
1 2 23 2 3 22 3 4 21 4 5 20 5 6 19 6 7 18 7 8 17 8 9 16
9 10 15 10 11 14 11 12 13 12 0 0 13 0 0 14 0 0 15 0 0 16 0 0
17 0 0 18 0 0 19 0 0 20 0 0 21 0 0 22 0 0 23 0 0
1 2 7 2 3 6 3 4 5 4 0 0 5 0 0 6 0 0 7 0 0
1 2 23 2 3 22 3 4 21 4 5 20 5 6 19 6 7 8 7 0 0 8 9 18
9 10 17 10 11 16 11 12 15 12 13 14 13 0 0 14 0 0 15 0 0 16 0 0
17 0 0 18 0 0 19 0 0 20 0 0 21 0 0 22 0 0 23 0 0
1 2 17 2 3 16 3 4 15 4 5 14 5 6 13 6 7 12 7 8 11 8 9 10
9 0 0 10 0 0 11 0 0 12 0 0 13 0 0 14 0 0 15 0 0 16 0 0
17 0 0
1 2 17 2 3 16 3 4 15 4 5 14 5 6 13 6 7 12 7 8 11 8 9 10
9 0 0 10 0 0 11 0 0 12 0 0 13 0 0 14 0 0 15 0 0 16 0 0
17 0 0
1 2 27 2 3 26 3 4 25 4 5 6 5 0 0 6 7 24 7 8 9 8 0 0
9 10 23 10 11 22 11 12 13 12 0 0 13 14 21 14 15 20 15 16 19 16 17 18
17 0 0 18 0 0 19 0 0 20 0 0 21 0 0 22 0 0 23 0 0 24 0 0
25 0 0 26 0 0 27 0 0
1 2 9 2 3 8 3 4 7 4 5 6 5 0 0 6 0 0 7 0 0 8 0 0 9 0 0
1 2 9 2 3 8 3 4 7 4 5 6 5 0 0 6 0 0 7 0 0 8 0 0 9 0 0
1 2 3 2 0 0 3 4 5 4 0 0 5 6 33 6 7 8 7 0 0 8 9 32
9 10 31 10 11 12 11 0 0 12 13 30 13 14 29 14 15 28 15 16 27 16 17 26
17 18 25 18 19 20 19 0 0 20 21 24 21 22 23 22 0 0 23 0 0 24 0 0
25 0 0 26 0 0 27 0 0 28 0 0 29 0 0 30 0 0 31 0 0 32 0 0
33 0 0
1 2 23 2 3 22 3 4 21 4 5 20 5 6 19 6 7 18 7 8 17 8 9 16
9 10 15 10 11 14 11 12 13 12 0 0 13 0 0 14 0 0 15 0 0 16 0 0
17 0 0 18 0 0 19 0 0 20 0 0 21 0 0 22 0 0 23 0 0
1 2 9 2 3 8 3 4 7 4 5 6 5 0 0 6 0 0 7 0 0 8 0 0 9 0 0
1 2 9 2 3 8 3 4 7 4 5 6 5 0 0 6 0 0 7 0 0 8 0 0 9 0 0
1 2 13 2 3 12 3 4 11 4 5 10 5 6 9 6 7 8 7 0 0 8 0 0
9 0 0 10 0 0 11 0 0 12 0 0 13 0 0
1 2 13 2 3 12 3 4 11 4 5 10 5 6 9 6 7 8 7 0 0 8 0 0
9 0 0 10 0 0 11 0 0 12 0 0 13 0 0
1 2 23 2 3 22 3 4 21 4 5 20 5 6 19 6 7 18 7 8 17 8 9 16
9 10 15 10 11 14 11 12 13 12 0 0 13 0 0 14 0 0 15 0 0 16 0 0
17 0 0 18 0 0 19 0 0 20 0 0 21 0 0 22 0 0 23 0 0
1 2 3 2 0 0 3 4 5 4 0 0 5 6 21 6 7 20 7 8 19 8 9 18
9 10 17 10 11 16 11 12 13 12 0 0 13 14 15 14 0 0 15 0 0 16 0 0
17 0 0 18 0 0 19 0 0 20 0 0 21 0 0
1 2 21 2 3 20 3 4 19 4 5 18 5 6 17 6 7 16 7 8 15 8 9 14
9 10 13 10 11 12 11 0 0 12 0 0 13 0 0 14 0 0 15 0 0 16 0 0
17 0 0 18 0 0 19 0 0 20 0 0 21 0 0
1 2 11 2 3 10 3 4 9 4 5 8 5 6 7 6 0 0 7 0 0 8 0 0
9 0 0 10 0 0 11 0 0
1 2 21 2 3 20 3 4 19 4 5 18 5 6 17 6 7 16 7 8 15 8 9 14
9 10 13 10 11 12 11 0 0 12 0 0 13 0 0 14 0 0 15 0 0 16 0 0
17 0 0 18 0 0 19 0 0 20 0 0 21 0 0
1 2 3 2 0 0 3 4 5 4 0 0 5 6 21 6 7 20 7 8 19 8 9 18
9 10 17 10 11 16 11 12 15 12 13 14 13 0 0 14 0 0 15 0 0 16 0 0
17 0 0 18 0 0 19 0 0 20 0 0 21 0 0
1 2 27 2 3 26 3 4 25 4 5 24 5 6 23 6 7 22 7 8 21 8 9 20
9 10 19 10 11 18 11 12 17 12 13 14 13 0 0 14 15 16 15 0 0 16 0 0
17 0 0 18 0 0 19 0 0 20 0 0 21 0 0 22 0 0 23 0 0 24 0 0
25 0 0 26 0 0 27 0 0
1 2 3 2 0 0 3 4 5 4 0 0 5 6 17 6 7 16 7 8 15 8 9 14
9 10 13 10 11 12 11 0 0 12 0 0 13 0 0 14 0 0 15 0 0 16 0 0
17 0 0
1 2 3 2 0 0 3 4 5 4 0 0 5 6 17 6 7 16 7 8 15 8 9 14
9 10 13 10 11 12 11 0 0 12 0 0 13 0 0 14 0 0 15 0 0 16 0 0
17 0 0
1 2 31 2 3 30 3 4 29 4 5 6 5 0 0 6 7 28 7 8 27 8 9 26
9 10 25 10 11 24 11 12 23 12 13 22 13 14 21 14 15 20 15 16 19 16 17 18
17 0 0 18 0 0 19 0 0 20 0 0 21 0 0 22 0 0 23 0 0 24 0 0
25 0 0 26 0 0 27 0 0 28 0 0 29 0 0 30 0 0 31 0 0
1 2 21 2 3 20 3 4 19 4 5 18 5 6 17 6 7 16 7 8 15 8 9 14
9 10 13 10 11 12 11 0 0 12 0 0 13 0 0 14 0 0 15 0 0 16 0 0
17 0 0 18 0 0 19 0 0 20 0 0 21 0 0
1 2 21 2 3 20 3 4 19 4 5 18 5 6 17 6 7 16 7 8 15 8 9 14
9 10 13 10 11 12 11 0 0 12 0 0 13 0 0 14 0 0 15 0 0 16 0 0
17 0 0 18 0 0 19 0 0 20 0 0 21 0 0
1 2 21 2 3 20 3 4 19 4 5 18 5 6 17 6 7 16 7 8 15 8 9 14
9 10 13 10 11 12 11 0 0 12 0 0 13 0 0 14 0 0 15 0 0 16 0 0
17 0 0 18 0 0 19 0 0 20 0 0 21 0 0
1 2 31 2 3 30 3 4 29 4 5 6 5 0 0 6 7 28 7 8 27 8 9 26
9 10 25 10 11 24 11 12 23 12 13 22 13 14 21 14 15 20 15 16 19 16 17 18
17 0 0 18 0 0 19 0 0 20 0 0 21 0 0 22 0 0 23 0 0 24 0 0
25 0 0 26 0 0 27 0 0 28 0 0 29 0 0 30 0 0 31 0 0
1 2 7 2 3 6 3 4 5 4 0 0 5 0 0 6 0 0 7 0 0
1 2 7 2 3 6 3 4 5 4 0 0 5 0 0 6 0 0 7 0 0
1 2 21 2 3 20 3 4 19 4 5 18 5 6 17 6 7 16 7 8 15 8 9 14
9 10 13 10 11 12 11 0 0 12 0 0 13 0 0 14 0 0 15 0 0 16 0 0
17 0 0 18 0 0 19 0 0 20 0 0 21 0 0
1 2 3 2 0 0 3 4 23 4 5 22 5 6 21 6 7 20 7 8 19 8 9 18
9 10 17 10 11 16 11 12 15 12 13 14 13 0 0 14 0 0 15 0 0 16 0 0
17 0 0 18 0 0 19 0 0 20 0 0 21 0 0 22 0 0 23 0 0
1 2 9 2 3 4 3 0 0 4 5 8 5 6 7 6 0 0 7 0 0 8 0 0 9 0 0
1 2 9 2 3 8 3 4 7 4 5 6 5 0 0 6 0 0 7 0 0 8 0 0 9 0 0
1 2 23 2 3 22 3 4 21 4 5 20 5 6 19 6 7 18 7 8 17 8 9 16
9 10 15 10 11 14 11 12 13 12 0 0 13 0 0 14 0 0 15 0 0 16 0 0
17 0 0 18 0 0 19 0 0 20 0 0 21 0 0 22 0 0 23 0 0
1 2 9 2 3 8 3 4 7 4 5 6 5 0 0 6 0 0 7 0 0 8 0 0 9 0 0
1 2 9 2 3 8 3 4 7 4 5 6 5 0 0 6 0 0 7 0 0 8 0 0 9 0 0
1 2 15 2 3 14 3 4 13 4 5 12 5 6 11 6 7 10 7 8 9 8 0 0
9 0 0 10 0 0 11 0 0 12 0 0 13 0 0 14 0 0 15 0 0
1 2 9 2 3 8 3 4 7 4 5 6 5 0 0 6 0 0 7 0 0 8 0 0 9 0 0
1 2 9 2 3 8 3 4 7 4 5 6 5 0 0 6 0 0 7 0 0 8 0 0 9 0 0
1 2 31 2 3 30 3 4 29 4 5 6 5 0 0 6 7 28 7 8 27 8 9 26
9 10 25 10 11 24 11 12 23 12 13 22 13 14 21 14 15 20 15 16 19 16 17 18
17 0 0 18 0 0 19 0 0 20 0 0 21 0 0 22 0 0 23 0 0 24 0 0
25 0 0 26 0 0 27 0 0 28 0 0 29 0 0 30 0 0 31 0 0
1 2 15 2 3 14 3 4 13 4 5 12 5 6 11 6 7 10 7 8 9 8 0 0
9 0 0 10 0 0 11 0 0 12 0 0 13 0 0 14 0 0 15 0 0
1 2 15 2 3 14 3 4 13 4 5 12 5 6 11 6 7 10 7 8 9 8 0 0
9 0 0 10 0 0 11 0 0 12 0 0 13 0 0 14 0 0 15 0 0
1 2 27 2 3 26 3 4 25 4 5 24 5 6 23 6 7 22 7 8 21 8 9 20
9 10 19 10 11 18 11 12 17 12 13 16 13 14 15 14 0 0 15 0 0 16 0 0
17 0 0 18 0 0 19 0 0 20 0 0 21 0 0 22 0 0 23 0 0 24 0 0
25 0 0 26 0 0 27 0 0
1 2 13 2 3 12 3 4 11 4 5 10 5 6 9 6 7 8 7 0 0 8 0 0
9 0 0 10 0 0 11 0 0 12 0 0 13 0 0
1 2 13 2 3 12 3 4 11 4 5 10 5 6 9 6 7 8 7 0 0 8 0 0
9 0 0 10 0 0 11 0 0 12 0 0 13 0 0
1 2 19 2 3 18 3 4 17 4 5 16 5 6 15 6 7 14 7 8 13 8 9 12
9 10 11 10 0 0 11 0 0 12 0 0 13 0 0 14 0 0 15 0 0 16 0 0
17 0 0 18 0 0 19 0 0
1 2 15 2 3 14 3 4 13 4 5 12 5 6 11 6 7 10 7 8 9 8 0 0
9 0 0 10 0 0 11 0 0 12 0 0 13 0 0 14 0 0 15 0 0
1 2 15 2 3 14 3 4 13 4 5 12 5 6 11 6 7 10 7 8 9 8 0 0
9 0 0 10 0 0 11 0 0 12 0 0 13 0 0 14 0 0 15 0 0
