0.00000000e+00 0.00000000e+00 0.00000000e+00 0.00000000e+00
1.00000000e+00 0.00000000e+00 0.00000000e+00 0.00000000e+00
0.00000000e+00 0.00000000e+00 0.00000000e+00 0.00000000e+00
0.00000000e+00 0.00000000e+00 8.84955749e-03 8.84955749e-03
0.00000000e+00 0.00000000e+00 0.00000000e+00 1.04345236e-04
4.28571433e-01 0.00000000e+00 0.00000000e+00 0.00000000e+00
0.00000000e+00 0.00000000e+00 0.00000000e+00 0.00000000e+00
8.93923570e-04 7.48666062e-04 0.00000000e+00 0.00000000e+00
0.00000000e+00 0.00000000e+00 0.00000000e+00 0.00000000e+00
1.00000000e+00 0.00000000e+00 3.48630399e-01 0.00000000e+00
0.00000000e+00 0.00000000e+00 1.66666672e-01 1.81086034e-01
0.00000000e+00 0.00000000e+00
0.0000000e+00 0.0000000e+00 0.0000000e+00 0.0000000e+00 5.3451100e-04
1.0000000e+00 0.0000000e+00 0.0000000e+00 5.8000740e-03 0.0000000e+00
0.0000000e+00 1.0000000e+00 0.0000000e+00 0.0000000e+00 0.0000000e+00
0.0000000e+00 0.0000000e+00 0.0000000e+00 0.0000000e+00 0.0000000e+00
0.0000000e+00 0.0000000e+00 0.0000000e+00 0.0000000e+00 1.0000000e+00
0.0000000e+00 0.0000000e+00 0.0000000e+00 0.0000000e+00 0.0000000e+00
0.0000000e+00 0.0000000e+00 0.0000000e+00 0.0000000e+00 0.0000000e+00
0.0000000e+00 0.0000000e+00 0.0000000e+00 0.0000000e+00 0.0000000e+00
0.0000000e+00 0.0000000e+00 8.3333336e-02 3.9825663e-01 0.0000000e+00
0.0000000e+00
0. 0. 0. 0. 0.04097773 1.
0. 0. 0.00580007 0. 0. 1.
0. 0. 0. 0. 0. 0.
0. 0. 0. 0. 0. 0.
1. 0. 0. 0. 0. 0.
0. 0. 0. 0. 0. 0.
0. 0. 0. 0. 0. 0.
0.08333334 0.15569755 0. 0.
0.0000000e+00 0.0000000e+00 0.0000000e+00 0.0000000e+00 1.0000000e+00
0.0000000e+00 0.0000000e+00 0.0000000e+00 3.6416635e-01 0.0000000e+00
0.0000000e+00 0.0000000e+00 0.0000000e+00 0.0000000e+00 0.0000000e+00
0.0000000e+00 0.0000000e+00 0.0000000e+00 0.0000000e+00 7.4532309e-06
0.0000000e+00 0.0000000e+00 0.0000000e+00 0.0000000e+00 1.0000000e+00
0.0000000e+00 0.0000000e+00 0.0000000e+00 0.0000000e+00 0.0000000e+00
0.0000000e+00 0.0000000e+00 0.0000000e+00 0.0000000e+00 0.0000000e+00
0.0000000e+00 1.0000000e+00 0.0000000e+00 1.0000000e+00 0.0000000e+00
0.0000000e+00 0.0000000e+00 0.0000000e+00 1.0000000e+00 0.0000000e+00
0.0000000e+00
0.0000000e+00 0.0000000e+00 0.0000000e+00 0.0000000e+00 0.0000000e+00
0.0000000e+00 0.0000000e+00 0.0000000e+00 2.5243300e-01 0.0000000e+00
0.0000000e+00 2.5000000e-01 0.0000000e+00 0.0000000e+00 0.0000000e+00
0.0000000e+00 0.0000000e+00 0.0000000e+00 0.0000000e+00 7.4532309e-06
0.0000000e+00 0.0000000e+00 0.0000000e+00 5.5555556e-02 4.8620018e-01
0.0000000e+00 0.0000000e+00 0.0000000e+00 0.0000000e+00 0.0000000e+00
0.0000000e+00 0.0000000e+00 0.0000000e+00 0.0000000e+00 0.0000000e+00
0.0000000e+00 1.0000000e+00 1.0000000e+00 0.0000000e+00 0.0000000e+00
0.0000000e+00 0.0000000e+00 0.0000000e+00 3.6568391e-01 0.0000000e+00
0.0000000e+00
0.0000000e+00 0.0000000e+00 0.0000000e+00 0.0000000e+00 0.0000000e+00
0.0000000e+00 0.0000000e+00 0.0000000e+00 2.5243300e-01 0.0000000e+00
0.0000000e+00 2.5000000e-01 0.0000000e+00 0.0000000e+00 0.0000000e+00
0.0000000e+00 0.0000000e+00 0.0000000e+00 0.0000000e+00 7.4532309e-06
0.0000000e+00 0.0000000e+00 0.0000000e+00 5.5555556e-02 4.8620018e-01
0.0000000e+00 0.0000000e+00 0.0000000e+00 0.0000000e+00 0.0000000e+00
0.0000000e+00 0.0000000e+00 0.0000000e+00 0.0000000e+00 0.0000000e+00
0.0000000e+00 1.0000000e+00 1.0000000e+00 0.0000000e+00 0.0000000e+00
0.0000000e+00 0.0000000e+00 0.0000000e+00 1.9776041e-06 0.0000000e+00
0.0000000e+00
0.000000e+00 0.000000e+00 0.000000e+00 0.000000e+00 1.000000e+00
0.000000e+00 0.000000e+00 0.000000e+00 9.361822e-05 0.000000e+00
0.000000e+00 0.000000e+00 0.000000e+00 0.000000e+00 0.000000e+00
0.000000e+00 0.000000e+00 0.000000e+00 0.000000e+00 7.453231e-06
0.000000e+00 0.000000e+00 0.000000e+00 0.000000e+00 1.000000e+00
0.000000e+00 0.000000e+00 0.000000e+00 0.000000e+00 0.000000e+00
0.000000e+00 0.000000e+00 0.000000e+00 0.000000e+00 0.000000e+00
0.000000e+00 1.000000e+00 0.000000e+00 1.000000e+00 0.000000e+00
0.000000e+00 0.000000e+00 0.000000e+00 1.000000e+00 0.000000e+00
0.000000e+00
0.0000000e+00 0.0000000e+00 0.0000000e+00 0.0000000e+00 1.0000000e+00
0.0000000e+00 0.0000000e+00 0.0000000e+00 3.6416635e-01 0.0000000e+00
0.0000000e+00 0.0000000e+00 0.0000000e+00 0.0000000e+00 0.0000000e+00
0.0000000e+00 0.0000000e+00 0.0000000e+00 0.0000000e+00 7.4532309e-06
0.0000000e+00 0.0000000e+00 0.0000000e+00 0.0000000e+00 1.0000000e+00
0.0000000e+00 0.0000000e+00 0.0000000e+00 0.0000000e+00 0.0000000e+00
0.0000000e+00 0.0000000e+00 0.0000000e+00 0.0000000e+00 0.0000000e+00
0.0000000e+00 1.0000000e+00 0.0000000e+00 8.0807373e-02 0.0000000e+00
0.0000000e+00 0.0000000e+00 0.0000000e+00 1.0000000e+00 0.0000000e+00
0.0000000e+00
0. 0. 0. 0. 0. 0.
0. 0. 0.36416635 0. 0. 0.25
0. 0. 0.00884956 0.00884956 0. 0.
0. 0. 0. 0. 0. 0.
1. 0. 0. 0.01933893 0. 0.
0.03897872 0. 0. 0. 0. 0.
0. 0. 0. 0. 0. 0.
0. 0.17406791 0. 0.
0.0000000e+00 0.0000000e+00 0.0000000e+00 0.0000000e+00 0.0000000e+00
0.0000000e+00 0.0000000e+00 0.0000000e+00 3.6416635e-01 0.0000000e+00
0.0000000e+00 5.0000000e-01 0.0000000e+00 0.0000000e+00 8.8495575e-03
8.8495575e-03 0.0000000e+00 0.0000000e+00 0.0000000e+00 0.0000000e+00
0.0000000e+00 0.0000000e+00 0.0000000e+00 0.0000000e+00 1.0000000e+00
0.0000000e+00 0.0000000e+00 1.0000000e+00 0.0000000e+00 0.0000000e+00
1.0000000e+00 0.0000000e+00 0.0000000e+00 0.0000000e+00 0.0000000e+00
0.0000000e+00 0.0000000e+00 0.0000000e+00 0.0000000e+00 0.0000000e+00
0.0000000e+00 0.0000000e+00 0.0000000e+00 1.0046228e-04 0.0000000e+00
0.0000000e+00
0.000000e+00 0.000000e+00 0.000000e+00 0.000000e+00 1.000000e+00
0.000000e+00 0.000000e+00 0.000000e+00 9.361822e-05 0.000000e+00
0.000000e+00 0.000000e+00 0.000000e+00 0.000000e+00 0.000000e+00
0.000000e+00 0.000000e+00 0.000000e+00 0.000000e+00 7.453231e-06
0.000000e+00 0.000000e+00 0.000000e+00 0.000000e+00 1.000000e+00
0.000000e+00 0.000000e+00 0.000000e+00 0.000000e+00 0.000000e+00
0.000000e+00 0.000000e+00 0.000000e+00 0.000000e+00 0.000000e+00
0.000000e+00 1.000000e+00 0.000000e+00 8.080737e-02 0.000000e+00
0.000000e+00 0.000000e+00 0.000000e+00 1.000000e+00 0.000000e+00
0.000000e+00
1.0000000e+00 0.0000000e+00 0.0000000e+00 0.0000000e+00 6.0610288e-01
0.0000000e+00 0.0000000e+00 0.0000000e+00 0.0000000e+00 0.0000000e+00
0.0000000e+00 0.0000000e+00 0.0000000e+00 0.0000000e+00 1.0000000e+00
0.0000000e+00 8.8495575e-03 8.8495575e-03 8.8495575e-03 1.0000000e+00
1.4285715e-01 0.0000000e+00 0.0000000e+00 0.0000000e+00 0.0000000e+00
0.0000000e+00 0.0000000e+00 0.0000000e+00 1.4195266e-02 0.0000000e+00
0.0000000e+00 0.0000000e+00 0.0000000e+00 8.6084771e-04 8.3403679e-04
0.0000000e+00 1.0000000e+00 0.0000000e+00 7.0058941e-03 0.0000000e+00
0.0000000e+00 3.2351846e-03 8.3333336e-02 1.3999696e-01 0.0000000e+00
0.0000000e+00
0. 0. 0. 0. 0. 0.
0. 0. 0.04353247 0. 0. 0.25
0. 0.00884956 0. 0.00884956 0. 0.
0. 0. 0.14285715 0. 0. 0.
1. 0. 0. 1. 0. 0.
0. 0. 0. 0. 0. 1.
0. 0. 0. 0. 0. 0.
0. 1. 0. 0.
0.0000000e+00 0.0000000e+00 0.0000000e+00 0.0000000e+00 0.0000000e+00
0.0000000e+00 0.0000000e+00 0.0000000e+00 3.6416635e-01 0.0000000e+00
0.0000000e+00 2.5000000e-01 0.0000000e+00 8.8495575e-03 0.0000000e+00
8.8495575e-03 0.0000000e+00 0.0000000e+00 0.0000000e+00 0.0000000e+00
1.4285715e-01 0.0000000e+00 0.0000000e+00 0.0000000e+00 1.0000000e+00
0.0000000e+00 0.0000000e+00 1.0000000e+00 0.0000000e+00 0.0000000e+00
0.0000000e+00 0.0000000e+00 0.0000000e+00 0.0000000e+00 0.0000000e+00
1.0000000e+00 0.0000000e+00 0.0000000e+00 0.0000000e+00 0.0000000e+00
0.0000000e+00 0.0000000e+00 0.0000000e+00 1.8589478e-04 0.0000000e+00
0.0000000e+00
1.0000000e+00 0.0000000e+00 0.0000000e+00 0.0000000e+00 6.0610288e-01
0.0000000e+00 0.0000000e+00 0.0000000e+00 0.0000000e+00 0.0000000e+00
0.0000000e+00 0.0000000e+00 0.0000000e+00 0.0000000e+00 8.8495575e-03
0.0000000e+00 8.8495575e-03 8.8495575e-03 8.8495575e-03 1.0000000e+00
1.4285715e-01 0.0000000e+00 0.0000000e+00 0.0000000e+00 0.0000000e+00
0.0000000e+00 0.0000000e+00 0.0000000e+00 1.7080398e-04 0.0000000e+00
0.0000000e+00 0.0000000e+00 0.0000000e+00 8.6084771e-04 8.3403679e-04
0.0000000e+00 1.0000000e+00 0.0000000e+00 7.0058941e-03 0.0000000e+00
0.0000000e+00 3.2351846e-03 8.3333336e-02 1.3999696e-01 0.0000000e+00
0.0000000e+00
1.0000000e+00 0.0000000e+00 0.0000000e+00 0.0000000e+00 6.1726785e-01
0.0000000e+00 0.0000000e+00 0.0000000e+00 0.0000000e+00 0.0000000e+00
0.0000000e+00 0.0000000e+00 0.0000000e+00 0.0000000e+00 1.0000000e+00
0.0000000e+00 8.8495575e-03 8.8495575e-03 8.8495575e-03 0.0000000e+00
2.8571430e-01 0.0000000e+00 0.0000000e+00 0.0000000e+00 0.0000000e+00
0.0000000e+00 0.0000000e+00 0.0000000e+00 6.1657541e-02 0.0000000e+00
0.0000000e+00 0.0000000e+00 0.0000000e+00 8.6084771e-04 8.3403679e-04
0.0000000e+00 0.0000000e+00 0.0000000e+00 4.1180653e-03 0.0000000e+00
0.0000000e+00 2.8182682e-02 1.6666667e-01 2.1578270e-01 0.0000000e+00
0.0000000e+00
0.0000000e+00 0.0000000e+00 0.0000000e+00 0.0000000e+00 0.0000000e+00
0.0000000e+00 0.0000000e+00 0.0000000e+00 0.0000000e+00 0.0000000e+00
0.0000000e+00 0.0000000e+00 0.0000000e+00 0.0000000e+00 8.8495575e-03
8.8495575e-03 0.0000000e+00 0.0000000e+00 0.0000000e+00 2.9812923e-05
1.4285715e-01 0.0000000e+00 0.0000000e+00 0.0000000e+00 0.0000000e+00
0.0000000e+00 0.0000000e+00 4.6758972e-02 0.0000000e+00 0.0000000e+00
9.6995151e-01 0.0000000e+00 0.0000000e+00 0.0000000e+00 0.0000000e+00
0.0000000e+00 1.0000000e+00 0.0000000e+00 0.0000000e+00 0.0000000e+00
0.0000000e+00 0.0000000e+00 0.0000000e+00 1.5569755e-01 0.0000000e+00
0.0000000e+00
0.0000000e+00 0.0000000e+00 0.0000000e+00 0.0000000e+00 0.0000000e+00
0.0000000e+00 0.0000000e+00 0.0000000e+00 0.0000000e+00 0.0000000e+00
0.0000000e+00 0.0000000e+00 0.0000000e+00 0.0000000e+00 8.8495575e-03
8.8495575e-03 0.0000000e+00 0.0000000e+00 0.0000000e+00 1.4906462e-05
1.4285715e-01 0.0000000e+00 0.0000000e+00 0.0000000e+00 0.0000000e+00
0.0000000e+00 0.0000000e+00 4.6758972e-02 0.0000000e+00 0.0000000e+00
2.7059025e-01 0.0000000e+00 0.0000000e+00 0.0000000e+00 0.0000000e+00
0.0000000e+00 1.0000000e+00 0.0000000e+00 0.0000000e+00 0.0000000e+00
0.0000000e+00 0.0000000e+00 0.0000000e+00 4.3507287e-05 0.0000000e+00
0.0000000e+00
1.0000000e+00 0.0000000e+00 0.0000000e+00 0.0000000e+00 6.1726785e-01
0.0000000e+00 0.0000000e+00 0.0000000e+00 0.0000000e+00 0.0000000e+00
0.0000000e+00 0.0000000e+00 0.0000000e+00 0.0000000e+00 1.0000000e+00
0.0000000e+00 8.8495575e-03 8.8495575e-03 8.8495575e-03 0.0000000e+00
2.8571430e-01 0.0000000e+00 0.0000000e+00 0.0000000e+00 0.0000000e+00
0.0000000e+00 0.0000000e+00 0.0000000e+00 6.1657541e-02 0.0000000e+00
0.0000000e+00 0.0000000e+00 0.0000000e+00 8.6084771e-04 8.3403679e-04
0.0000000e+00 0.0000000e+00 0.0000000e+00 2.3354581e-03 0.0000000e+00
0.0000000e+00 2.8182682e-02 1.6666667e-01 2.1578270e-01 0.0000000e+00
0.0000000e+00
0. 0. 0. 0. 0.06764824 0.
0. 0. 0. 0. 0. 0.
0. 0. 0.00884956 0.00884956 0. 0.
0. 0. 0. 0. 0. 0.
0. 0. 0. 1. 0. 0.
1. 0. 0. 0. 0. 0.
0. 0. 0.00419797 0. 0. 0.
0. 1. 0. 0.
0.0000000e+00 0.0000000e+00 1.0000000e+00 0.0000000e+00 0.0000000e+00
0.0000000e+00 0.0000000e+00 0.0000000e+00 3.6416635e-01 0.0000000e+00
0.0000000e+00 1.0000000e+00 0.0000000e+00 0.0000000e+00 8.8495575e-03
0.0000000e+00 0.0000000e+00 0.0000000e+00 0.0000000e+00 1.0000000e+00
0.0000000e+00 0.0000000e+00 0.0000000e+00 0.0000000e+00 5.6432625e-03
0.0000000e+00 0.0000000e+00 3.1612890e-05 0.0000000e+00 0.0000000e+00
0.0000000e+00 0.0000000e+00 0.0000000e+00 0.0000000e+00 0.0000000e+00
0.0000000e+00 1.0000000e+00 0.0000000e+00 0.0000000e+00 0.0000000e+00
0.0000000e+00 0.0000000e+00 0.0000000e+00 5.4074419e-01 0.0000000e+00
0.0000000e+00
0.0000000e+00 0.0000000e+00 0.0000000e+00 1.0000000e+00 0.0000000e+00
0.0000000e+00 0.0000000e+00 0.0000000e+00 4.2553734e-06 0.0000000e+00
0.0000000e+00 1.0000000e+00 0.0000000e+00 0.0000000e+00 8.8495575e-03
0.0000000e+00 0.0000000e+00 0.0000000e+00 0.0000000e+00 1.0000000e+00
0.0000000e+00 0.0000000e+00 0.0000000e+00 0.0000000e+00 5.6432625e-03
0.0000000e+00 0.0000000e+00 3.1612890e-05 0.0000000e+00 0.0000000e+00
0.0000000e+00 0.0000000e+00 0.0000000e+00 0.0000000e+00 0.0000000e+00
0.0000000e+00 1.0000000e+00 0.0000000e+00 0.0000000e+00 0.0000000e+00
0.0000000e+00 0.0000000e+00 0.0000000e+00 2.8122556e-01 0.0000000e+00
0.0000000e+00
0. 0. 0. 0. 0.03926996 0.
0. 0. 0. 0. 0. 0.
0. 0. 0.00884956 0.00884956 0. 0.
0. 0. 0. 0. 0. 0.
0. 0. 0. 1. 0. 0.
1. 0. 0. 0. 0. 0.
0. 0. 0.00419797 0. 0. 0.
0. 1. 0. 0.
0.0000000e+00 0.0000000e+00 0.0000000e+00 0.0000000e+00 1.0000000e+00
4.0098857e-02 2.5000000e-01 2.5000000e-01 0.0000000e+00 0.0000000e+00
0.0000000e+00 0.0000000e+00 1.0000000e+00 0.0000000e+00 0.0000000e+00
8.8495575e-03 0.0000000e+00 0.0000000e+00 0.0000000e+00 7.4532312e-05
1.4285715e-01 0.0000000e+00 0.0000000e+00 0.0000000e+00 0.0000000e+00
0.0000000e+00 0.0000000e+00 0.0000000e+00 0.0000000e+00 0.0000000e+00
1.0000000e+00 0.0000000e+00 0.0000000e+00 0.0000000e+00 0.0000000e+00
0.0000000e+00 1.0000000e+00 0.0000000e+00 1.0000000e+00 0.0000000e+00
0.0000000e+00 0.0000000e+00 0.0000000e+00 5.4074419e-01 0.0000000e+00
0.0000000e+00
1.0000000e+00 0.0000000e+00 0.0000000e+00 0.0000000e+00 1.0000000e+00
0.0000000e+00 0.0000000e+00 0.0000000e+00 3.6416635e-01 0.0000000e+00
0.0000000e+00 0.0000000e+00 0.0000000e+00 0.0000000e+00 0.0000000e+00
0.0000000e+00 0.0000000e+00 0.0000000e+00 0.0000000e+00 7.4532309e-06
0.0000000e+00 0.0000000e+00 0.0000000e+00 0.0000000e+00 1.0000000e+00
0.0000000e+00 0.0000000e+00 0.0000000e+00 0.0000000e+00 0.0000000e+00
0.0000000e+00 0.0000000e+00 0.0000000e+00 0.0000000e+00 0.0000000e+00
0.0000000e+00 1.0000000e+00 0.0000000e+00 1.0000000e+00 0.0000000e+00
0.0000000e+00 0.0000000e+00 0.0000000e+00 1.0000000e+00 0.0000000e+00
0.0000000e+00
0.0000000e+00 0.0000000e+00 0.0000000e+00 0.0000000e+00 1.0000000e+00
4.0098857e-02 2.5000000e-01 2.5000000e-01 0.0000000e+00 0.0000000e+00
0.0000000e+00 0.0000000e+00 1.0000000e+00 0.0000000e+00 0.0000000e+00
8.8495575e-03 0.0000000e+00 0.0000000e+00 0.0000000e+00 5.9625847e-05
1.4285715e-01 0.0000000e+00 0.0000000e+00 0.0000000e+00 0.0000000e+00
0.0000000e+00 0.0000000e+00 0.0000000e+00 0.0000000e+00 0.0000000e+00
1.0000000e+00 0.0000000e+00 0.0000000e+00 0.0000000e+00 0.0000000e+00
0.0000000e+00 1.0000000e+00 0.0000000e+00 1.0000000e+00 0.0000000e+00
0.0000000e+00 0.0000000e+00 0.0000000e+00 5.4074419e-01 0.0000000e+00
0.0000000e+00
1.0000000e+00 0.0000000e+00 0.0000000e+00 0.0000000e+00 1.0000000e+00
0.0000000e+00 0.0000000e+00 0.0000000e+00 3.6416635e-01 0.0000000e+00
0.0000000e+00 0.0000000e+00 0.0000000e+00 0.0000000e+00 0.0000000e+00
0.0000000e+00 0.0000000e+00 0.0000000e+00 0.0000000e+00 7.4532309e-06
0.0000000e+00 0.0000000e+00 0.0000000e+00 0.0000000e+00 1.0000000e+00
0.0000000e+00 0.0000000e+00 0.0000000e+00 0.0000000e+00 0.0000000e+00
0.0000000e+00 0.0000000e+00 0.0000000e+00 0.0000000e+00 0.0000000e+00
0.0000000e+00 1.0000000e+00 0.0000000e+00 1.0000000e+00 0.0000000e+00
0.0000000e+00 0.0000000e+00 0.0000000e+00 3.7090358e-01 0.0000000e+00
0.0000000e+00
1.0000000e+00 0.0000000e+00 0.0000000e+00 0.0000000e+00 6.0610288e-01
0.0000000e+00 0.0000000e+00 0.0000000e+00 0.0000000e+00 0.0000000e+00
0.0000000e+00 0.0000000e+00 0.0000000e+00 0.0000000e+00 8.8495575e-03
0.0000000e+00 8.8495575e-03 8.8495575e-03 8.8495575e-03 1.0000000e+00
2.8571430e-01 0.0000000e+00 0.0000000e+00 0.0000000e+00 0.0000000e+00
0.0000000e+00 0.0000000e+00 0.0000000e+00 9.5526205e-04 0.0000000e+00
0.0000000e+00 0.0000000e+00 0.0000000e+00 8.6084771e-04 8.3403679e-04
0.0000000e+00 1.0000000e+00 0.0000000e+00 7.5621037e-03 0.0000000e+00
0.0000000e+00 1.4424813e-01 8.3333336e-02 9.3211162e-01 0.0000000e+00
0.0000000e+00
0.0000000e+00 0.0000000e+00 0.0000000e+00 0.0000000e+00 1.0000000e+00
0.0000000e+00 0.0000000e+00 0.0000000e+00 1.0000000e+00 0.0000000e+00
0.0000000e+00 0.0000000e+00 0.0000000e+00 0.0000000e+00 0.0000000e+00
0.0000000e+00 0.0000000e+00 0.0000000e+00 0.0000000e+00 7.4532309e-06
0.0000000e+00 0.0000000e+00 0.0000000e+00 0.0000000e+00 1.0000000e+00
0.0000000e+00 0.0000000e+00 0.0000000e+00 0.0000000e+00 0.0000000e+00
0.0000000e+00 0.0000000e+00 0.0000000e+00 0.0000000e+00 0.0000000e+00
0.0000000e+00 1.0000000e+00 0.0000000e+00 1.0101042e-02 0.0000000e+00
0.0000000e+00 0.0000000e+00 0.0000000e+00 1.0000000e+00 0.0000000e+00
0.0000000e+00
1.0000000e+00 0.0000000e+00 0.0000000e+00 0.0000000e+00 6.0610288e-01
0.0000000e+00 0.0000000e+00 0.0000000e+00 0.0000000e+00 0.0000000e+00
0.0000000e+00 0.0000000e+00 0.0000000e+00 0.0000000e+00 8.8495575e-03
0.0000000e+00 8.8495575e-03 8.8495575e-03 8.8495575e-03 1.0000000e+00
2.8571430e-01 0.0000000e+00 0.0000000e+00 0.0000000e+00 0.0000000e+00
0.0000000e+00 0.0000000e+00 0.0000000e+00 6.2760687e-04 0.0000000e+00
0.0000000e+00 0.0000000e+00 0.0000000e+00 8.6084771e-04 8.3403679e-04
0.0000000e+00 1.0000000e+00 0.0000000e+00 7.5621037e-03 0.0000000e+00
0.0000000e+00 1.4424813e-01 8.3333336e-02 9.3211162e-01 0.0000000e+00
0.0000000e+00
0.00000000e+00 0.00000000e+00 0.00000000e+00 0.00000000e+00
1.00000000e+00 0.00000000e+00 0.00000000e+00 0.00000000e+00
1.00000000e+00 0.00000000e+00 0.00000000e+00 0.00000000e+00
0.00000000e+00 0.00000000e+00 0.00000000e+00 0.00000000e+00
0.00000000e+00 0.00000000e+00 0.00000000e+00 7.45323086e-06
0.00000000e+00 0.00000000e+00 0.00000000e+00 0.00000000e+00
1.00000000e+00 0.00000000e+00 0.00000000e+00 0.00000000e+00
0.00000000e+00 0.00000000e+00 0.00000000e+00 0.00000000e+00
0.00000000e+00 0.00000000e+00 0.00000000e+00 0.00000000e+00
1.00000000e+00 0.00000000e+00 1.00060206e-04 0.00000000e+00
0.00000000e+00 0.00000000e+00 0.00000000e+00 1.00000000e+00
0.00000000e+00 0.00000000e+00
1.0000000e+00 0.0000000e+00 0.0000000e+00 0.0000000e+00 6.1365104e-01
0.0000000e+00 0.0000000e+00 0.0000000e+00 0.0000000e+00 0.0000000e+00
0.0000000e+00 0.0000000e+00 0.0000000e+00 0.0000000e+00 8.8495575e-03
0.0000000e+00 8.8495575e-03 8.8495575e-03 8.8495575e-03 1.0000000e+00
2.8571430e-01 0.0000000e+00 0.0000000e+00 0.0000000e+00 0.0000000e+00
0.0000000e+00 0.0000000e+00 0.0000000e+00 2.2681744e-04 0.0000000e+00
0.0000000e+00 0.0000000e+00 0.0000000e+00 8.6084771e-04 8.3403679e-04
0.0000000e+00 1.0000000e+00 0.0000000e+00 2.2687512e-03 0.0000000e+00
0.0000000e+00 2.2678010e-03 2.5000000e-01 9.3211162e-01 0.0000000e+00
0.0000000e+00
0. 0. 0. 0. 0.03297477 0.
0. 0. 0. 0. 0. 0.
0. 0. 0.00884956 0.00884956 0. 0.
0. 0. 0. 0. 0. 0.
0. 0. 0. 0.00476943 0. 0.
0.03897872 0. 0. 0. 0. 0.
0. 0. 0.15356937 0. 0. 0.
0. 0.31083626 0. 0.
1.0000000e+00 0.0000000e+00 0.0000000e+00 0.0000000e+00 6.1365104e-01
0.0000000e+00 0.0000000e+00 0.0000000e+00 0.0000000e+00 0.0000000e+00
0.0000000e+00 0.0000000e+00 0.0000000e+00 0.0000000e+00 8.8495575e-03
0.0000000e+00 8.8495575e-03 8.8495575e-03 8.8495575e-03 1.0000000e+00
1.4285715e-01 0.0000000e+00 0.0000000e+00 0.0000000e+00 0.0000000e+00
0.0000000e+00 0.0000000e+00 0.0000000e+00 2.2681744e-04 0.0000000e+00
0.0000000e+00 0.0000000e+00 0.0000000e+00 8.6084771e-04 8.3403679e-04
0.0000000e+00 1.0000000e+00 0.0000000e+00 2.2687512e-03 0.0000000e+00
0.0000000e+00 2.2678010e-03 2.5000000e-01 9.3211162e-01 0.0000000e+00
0.0000000e+00
0. 0. 0. 0. 0.03297477 0.
0. 0. 0. 0. 0. 0.
0. 0. 0.00884956 0.00884956 0. 0.
0. 0. 0. 0. 0. 0.
0. 0. 0. 0.01406167 0. 0.
1. 0. 0. 0. 0. 0.
0. 0. 0.41559657 0. 0. 0.
0. 1. 0. 0.
0.0000000e+00 0.0000000e+00 0.0000000e+00 0.0000000e+00 1.0000000e+00
0.0000000e+00 0.0000000e+00 0.0000000e+00 0.0000000e+00 0.0000000e+00
0.0000000e+00 0.0000000e+00 0.0000000e+00 0.0000000e+00 8.8495575e-03
8.8495575e-03 0.0000000e+00 0.0000000e+00 0.0000000e+00 6.7079076e-05
2.8571430e-01 0.0000000e+00 0.0000000e+00 0.0000000e+00 0.0000000e+00
0.0000000e+00 0.0000000e+00 0.0000000e+00 6.2499158e-03 4.3328535e-03
0.0000000e+00 0.0000000e+00 0.0000000e+00 0.0000000e+00 0.0000000e+00
0.0000000e+00 1.0000000e+00 0.0000000e+00 2.3576464e-01 0.0000000e+00
0.0000000e+00 0.0000000e+00 8.3333336e-02 7.5073051e-01 0.0000000e+00
0.0000000e+00
1.0000000e+00 0.0000000e+00 0.0000000e+00 0.0000000e+00 1.9052075e-02
1.0000000e+00 0.0000000e+00 0.0000000e+00 3.6416635e-01 0.0000000e+00
0.0000000e+00 0.0000000e+00 0.0000000e+00 8.8495575e-03 0.0000000e+00
0.0000000e+00 0.0000000e+00 0.0000000e+00 0.0000000e+00 0.0000000e+00
0.0000000e+00 0.0000000e+00 0.0000000e+00 0.0000000e+00 3.7327018e-02
0.0000000e+00 0.0000000e+00 1.5559407e-02 0.0000000e+00 0.0000000e+00
0.0000000e+00 0.0000000e+00 0.0000000e+00 0.0000000e+00 0.0000000e+00
0.0000000e+00 0.0000000e+00 0.0000000e+00 2.3515347e-05 0.0000000e+00
0.0000000e+00 0.0000000e+00 8.3333336e-02 8.7014578e-06 0.0000000e+00
0.0000000e+00
0.0000000e+00 0.0000000e+00 0.0000000e+00 0.0000000e+00 1.0000000e+00
0.0000000e+00 0.0000000e+00 0.0000000e+00 0.0000000e+00 0.0000000e+00
0.0000000e+00 0.0000000e+00 0.0000000e+00 0.0000000e+00 8.8495575e-03
8.8495575e-03 0.0000000e+00 0.0000000e+00 0.0000000e+00 6.7079076e-05
2.8571430e-01 0.0000000e+00 0.0000000e+00 0.0000000e+00 0.0000000e+00
0.0000000e+00 0.0000000e+00 0.0000000e+00 6.2499158e-03 4.3328535e-03
0.0000000e+00 0.0000000e+00 0.0000000e+00 0.0000000e+00 0.0000000e+00
0.0000000e+00 1.0000000e+00 0.0000000e+00 2.3576464e-01 0.0000000e+00
0.0000000e+00 0.0000000e+00 8.3333336e-02 5.4457915e-01 0.0000000e+00
0.0000000e+00
1. 0. 0. 0. 0.0233155 1.
0. 0. 0.36416635 0. 0. 0.
0. 0.00884956 0. 0. 0. 0.
0. 0. 0. 0. 0. 0.
1. 0. 0. 0.03088472 0. 0.
0. 0. 0. 0. 0. 0.
0. 0. 0.00714435 0. 0. 0.
0.08333334 0.5407442 0. 0.
0.0000000e+00 0.0000000e+00 0.0000000e+00 0.0000000e+00 1.0000000e+00
0.0000000e+00 0.0000000e+00 0.0000000e+00 4.2553736e-05 0.0000000e+00
0.0000000e+00 5.0000000e-01 0.0000000e+00 0.0000000e+00 8.8495575e-03
0.0000000e+00 0.0000000e+00 0.0000000e+00 0.0000000e+00 1.0000000e+00
4.2857143e-01 0.0000000e+00 0.0000000e+00 0.0000000e+00 1.0000000e+00
0.0000000e+00 0.0000000e+00 0.0000000e+00 4.8991218e-03 0.0000000e+00
0.0000000e+00 0.0000000e+00 0.0000000e+00 0.0000000e+00 0.0000000e+00
0.0000000e+00 1.0000000e+00 0.0000000e+00 7.4970769e-03 0.0000000e+00
0.0000000e+00 0.0000000e+00 1.6666667e-01 9.3211162e-01 0.0000000e+00
0.0000000e+00
0. 0. 0. 0. 0. 0.
0. 0. 0. 0. 0. 0.25
0. 0.00884956 0. 0. 0. 0.
0. 0. 0. 0. 0. 0.
0.00700924 0. 0. 0. 0. 0.
1. 0. 0. 0. 0. 0.
0. 0. 0. 0. 0. 0.
0. 1. 0. 0.
0. 0. 0. 0. 0. 0.
0. 0. 0. 0. 0. 0.25
0. 0.00884956 0. 0. 0. 0.
0. 0. 0. 0. 0. 0.
0.51376456 0. 0. 0. 0. 0.
1. 0. 0. 0. 0. 0.
0. 0. 0. 0. 0. 0.
0. 0.28122556 0. 0.
1.0000000e+00 0.0000000e+00 0.0000000e+00 0.0000000e+00 2.3315500e-02
1.0000000e+00 0.0000000e+00 0.0000000e+00 4.2553734e-06 0.0000000e+00
0.0000000e+00 0.0000000e+00 0.0000000e+00 8.8495575e-03 0.0000000e+00
0.0000000e+00 0.0000000e+00 0.0000000e+00 0.0000000e+00 2.9812923e-05
0.0000000e+00 0.0000000e+00 0.0000000e+00 0.0000000e+00 1.0000000e+00
0.0000000e+00 0.0000000e+00 1.0389991e-02 0.0000000e+00 0.0000000e+00
0.0000000e+00 0.0000000e+00 0.0000000e+00 0.0000000e+00 0.0000000e+00
0.0000000e+00 1.0000000e+00 0.0000000e+00 7.1443464e-03 0.0000000e+00
0.0000000e+00 0.0000000e+00 8.3333336e-02 1.4634270e-05 0.0000000e+00
0.0000000e+00
0.00000000e+00 0.00000000e+00 0.00000000e+00 0.00000000e+00
1.00000000e+00 1.99978414e-04 2.50000000e-01 2.50000000e-01
0.00000000e+00 0.00000000e+00 0.00000000e+00 0.00000000e+00
1.00000000e+00 0.00000000e+00 0.00000000e+00 0.00000000e+00
0.00000000e+00 0.00000000e+00 0.00000000e+00 5.96258469e-05
1.42857149e-01 0.00000000e+00 0.00000000e+00 0.00000000e+00
0.00000000e+00 0.00000000e+00 0.00000000e+00 0.00000000e+00
0.00000000e+00 0.00000000e+00 0.00000000e+00 0.00000000e+00
0.00000000e+00 0.00000000e+00 0.00000000e+00 0.00000000e+00
1.00000000e+00 0.00000000e+00 1.00060206e-04 0.00000000e+00
0.00000000e+00 0.00000000e+00 0.00000000e+00 5.40744185e-01
0.00000000e+00 0.00000000e+00
1.0000000e+00 0.0000000e+00 0.0000000e+00 0.0000000e+00 3.2641783e-03
1.0000000e+00 0.0000000e+00 0.0000000e+00 4.2553734e-06 0.0000000e+00
0.0000000e+00 0.0000000e+00 0.0000000e+00 8.8495575e-03 0.0000000e+00
0.0000000e+00 0.0000000e+00 0.0000000e+00 0.0000000e+00 2.9812923e-05
0.0000000e+00 0.0000000e+00 0.0000000e+00 0.0000000e+00 1.0000000e+00
0.0000000e+00 0.0000000e+00 1.0389991e-02 0.0000000e+00 0.0000000e+00
0.0000000e+00 0.0000000e+00 0.0000000e+00 0.0000000e+00 0.0000000e+00
0.0000000e+00 1.0000000e+00 0.0000000e+00 7.1443464e-03 0.0000000e+00
0.0000000e+00 0.0000000e+00 8.3333336e-02 1.4634270e-05 0.0000000e+00
0.0000000e+00
0.0000000e+00 0.0000000e+00 0.0000000e+00 0.0000000e+00 1.0000000e+00
1.9997841e-04 2.5000000e-01 2.5000000e-01 0.0000000e+00 0.0000000e+00
0.0000000e+00 0.0000000e+00 1.0000000e+00 0.0000000e+00 0.0000000e+00
0.0000000e+00 0.0000000e+00 0.0000000e+00 0.0000000e+00 5.9625847e-05
1.4285715e-01 0.0000000e+00 0.0000000e+00 0.0000000e+00 0.0000000e+00
0.0000000e+00 0.0000000e+00 0.0000000e+00 0.0000000e+00 0.0000000e+00
0.0000000e+00 0.0000000e+00 0.0000000e+00 0.0000000e+00 0.0000000e+00
0.0000000e+00 1.0000000e+00 0.0000000e+00 1.0000000e+00 0.0000000e+00
0.0000000e+00 0.0000000e+00 0.0000000e+00 9.0382993e-01 0.0000000e+00
0.0000000e+00
0.0000000e+00 0.0000000e+00 0.0000000e+00 0.0000000e+00 1.0000000e+00
0.0000000e+00 0.0000000e+00 0.0000000e+00 0.0000000e+00 0.0000000e+00
0.0000000e+00 0.0000000e+00 0.0000000e+00 0.0000000e+00 8.8495575e-03
8.8495575e-03 0.0000000e+00 0.0000000e+00 0.0000000e+00 1.3415815e-04
2.8571430e-01 0.0000000e+00 0.0000000e+00 0.0000000e+00 0.0000000e+00
0.0000000e+00 0.0000000e+00 0.0000000e+00 8.0751051e-05 4.5687705e-03
0.0000000e+00 0.0000000e+00 0.0000000e+00 0.0000000e+00 0.0000000e+00
0.0000000e+00 1.0000000e+00 0.0000000e+00 3.4863040e-01 0.0000000e+00
0.0000000e+00 0.0000000e+00 1.6666667e-01 1.8108603e-01 0.0000000e+00
0.0000000e+00
0.0000000e+00 0.0000000e+00 0.0000000e+00 0.0000000e+00 0.0000000e+00
0.0000000e+00 0.0000000e+00 0.0000000e+00 2.5243300e-01 0.0000000e+00
0.0000000e+00 2.5000000e-01 0.0000000e+00 0.0000000e+00 0.0000000e+00
0.0000000e+00 0.0000000e+00 0.0000000e+00 0.0000000e+00 7.4532309e-06
0.0000000e+00 0.0000000e+00 0.0000000e+00 5.5555556e-02 4.8620018e-01
0.0000000e+00 0.0000000e+00 8.2165878e-03 0.0000000e+00 0.0000000e+00
0.0000000e+00 0.0000000e+00 0.0000000e+00 0.0000000e+00 0.0000000e+00
0.0000000e+00 1.0000000e+00 1.0000000e+00 0.0000000e+00 0.0000000e+00
0.0000000e+00 0.0000000e+00 0.0000000e+00 4.0757865e-01 0.0000000e+00
0.0000000e+00
0.0000000e+00 0.0000000e+00 0.0000000e+00 0.0000000e+00 1.0000000e+00
0.0000000e+00 0.0000000e+00 0.0000000e+00 0.0000000e+00 0.0000000e+00
0.0000000e+00 0.0000000e+00 0.0000000e+00 0.0000000e+00 8.8495575e-03
8.8495575e-03 0.0000000e+00 0.0000000e+00 0.0000000e+00 1.3415815e-04
2.8571430e-01 0.0000000e+00 0.0000000e+00 0.0000000e+00 0.0000000e+00
0.0000000e+00 0.0000000e+00 0.0000000e+00 8.0751051e-05 4.5687705e-03
0.0000000e+00 0.0000000e+00 0.0000000e+00 0.0000000e+00 0.0000000e+00
0.0000000e+00 1.0000000e+00 0.0000000e+00 3.4863040e-01 0.0000000e+00
0.0000000e+00 0.0000000e+00 8.3333336e-02 1.8108603e-01 0.0000000e+00
0.0000000e+00
0.0000000e+00 0.0000000e+00 0.0000000e+00 0.0000000e+00 0.0000000e+00
0.0000000e+00 0.0000000e+00 0.0000000e+00 2.5243300e-01 0.0000000e+00
0.0000000e+00 2.5000000e-01 0.0000000e+00 0.0000000e+00 0.0000000e+00
0.0000000e+00 0.0000000e+00 0.0000000e+00 0.0000000e+00 7.4532309e-06
0.0000000e+00 0.0000000e+00 0.0000000e+00 5.5555556e-02 4.8620018e-01
0.0000000e+00 0.0000000e+00 6.1428905e-02 0.0000000e+00 0.0000000e+00
0.0000000e+00 0.0000000e+00 0.0000000e+00 0.0000000e+00 0.0000000e+00
0.0000000e+00 1.0000000e+00 1.0000000e+00 0.0000000e+00 0.0000000e+00
0.0000000e+00 0.0000000e+00 0.0000000e+00 7.5073051e-01 0.0000000e+00
0.0000000e+00
0.0000000e+00 0.0000000e+00 0.0000000e+00 0.0000000e+00 1.0000000e+00
0.0000000e+00 0.0000000e+00 0.0000000e+00 2.9787614e-05 0.0000000e+00
0.0000000e+00 5.0000000e-01 0.0000000e+00 0.0000000e+00 8.8495575e-03
0.0000000e+00 0.0000000e+00 0.0000000e+00 0.0000000e+00 1.0000000e+00
1.4285715e-01 0.0000000e+00 0.0000000e+00 0.0000000e+00 1.0000000e+00
0.0000000e+00 0.0000000e+00 0.0000000e+00 2.6909378e-03 0.0000000e+00
0.0000000e+00 0.0000000e+00 0.0000000e+00 0.0000000e+00 0.0000000e+00
0.0000000e+00 1.0000000e+00 0.0000000e+00 1.1934039e-02 0.0000000e+00
0.0000000e+00 0.0000000e+00 1.6666667e-01 1.8108603e-01 0.0000000e+00
0.0000000e+00
0.0000000e+00 0.0000000e+00 0.0000000e+00 0.0000000e+00 0.0000000e+00
0.0000000e+00 0.0000000e+00 0.0000000e+00 5.3439832e-01 0.0000000e+00
0.0000000e+00 1.0000000e+00 0.0000000e+00 0.0000000e+00 8.8495575e-03
8.8495575e-03 0.0000000e+00 0.0000000e+00 0.0000000e+00 2.9812923e-05
2.8571430e-01 0.0000000e+00 0.0000000e+00 0.0000000e+00 5.5748872e-02
0.0000000e+00 0.0000000e+00 4.4983592e-02 0.0000000e+00 0.0000000e+00
8.4798867e-01 0.0000000e+00 0.0000000e+00 0.0000000e+00 0.0000000e+00
0.0000000e+00 1.0000000e+00 0.0000000e+00 0.0000000e+00 0.0000000e+00
0.0000000e+00 0.0000000e+00 0.0000000e+00 2.1380985e-01 0.0000000e+00
0.0000000e+00
0.0000000e+00 0.0000000e+00 0.0000000e+00 0.0000000e+00 1.0000000e+00
0.0000000e+00 0.0000000e+00 0.0000000e+00 2.9787614e-05 0.0000000e+00
0.0000000e+00 5.0000000e-01 0.0000000e+00 0.0000000e+00 8.8495575e-03
0.0000000e+00 0.0000000e+00 0.0000000e+00 0.0000000e+00 1.0000000e+00
1.4285715e-01 0.0000000e+00 0.0000000e+00 0.0000000e+00 1.0000000e+00
0.0000000e+00 0.0000000e+00 0.0000000e+00 2.1184681e-03 0.0000000e+00
0.0000000e+00 0.0000000e+00 0.0000000e+00 0.0000000e+00 0.0000000e+00
0.0000000e+00 1.0000000e+00 0.0000000e+00 1.1934039e-02 0.0000000e+00
0.0000000e+00 0.0000000e+00 1.6666667e-01 1.8108603e-01 0.0000000e+00
0.0000000e+00
0.0000000e+00 0.0000000e+00 0.0000000e+00 0.0000000e+00 0.0000000e+00
0.0000000e+00 0.0000000e+00 0.0000000e+00 5.3439832e-01 0.0000000e+00
0.0000000e+00 1.0000000e+00 0.0000000e+00 0.0000000e+00 8.8495575e-03
8.8495575e-03 0.0000000e+00 0.0000000e+00 0.0000000e+00 2.9812923e-05
2.8571430e-01 0.0000000e+00 0.0000000e+00 0.0000000e+00 5.5748872e-02
0.0000000e+00 0.0000000e+00 4.7601059e-02 0.0000000e+00 0.0000000e+00
9.6995151e-01 0.0000000e+00 0.0000000e+00 0.0000000e+00 0.0000000e+00
0.0000000e+00 1.0000000e+00 0.0000000e+00 0.0000000e+00 0.0000000e+00
0.0000000e+00 0.0000000e+00 0.0000000e+00 3.9825663e-01 0.0000000e+00
0.0000000e+00
1. 0. 0. 0. 0.0233155 1.
0. 0. 0.36416635 0. 0. 0.
0. 0.00884956 0. 0. 0. 0.
0. 0. 0. 0. 0. 0.
1. 0. 0. 1. 0. 0.
0. 0. 0. 0. 0. 0.
0. 0. 0.23576464 0. 0. 0.
0.08333334 0.5407442 0. 0.
0.0000000e+00 0.0000000e+00 0.0000000e+00 0.0000000e+00 0.0000000e+00
0.0000000e+00 2.5000000e-01 0.0000000e+00 3.6416635e-01 0.0000000e+00
0.0000000e+00 1.0000000e+00 1.0000000e+00 0.0000000e+00 8.8495575e-03
0.0000000e+00 0.0000000e+00 0.0000000e+00 0.0000000e+00 2.9812923e-05
1.4285715e-01 0.0000000e+00 0.0000000e+00 0.0000000e+00 1.0000000e+00
0.0000000e+00 0.0000000e+00 3.1612890e-05 0.0000000e+00 0.0000000e+00
0.0000000e+00 0.0000000e+00 0.0000000e+00 0.0000000e+00 0.0000000e+00
0.0000000e+00 1.0000000e+00 0.0000000e+00 0.0000000e+00 0.0000000e+00
0.0000000e+00 0.0000000e+00 0.0000000e+00 5.4074419e-01 0.0000000e+00
0.0000000e+00
1. 0. 0. 0. 0.0042634 1.
0. 0. 0.36416635 0. 0. 0.
0. 0.00884956 0. 0. 0. 0.
0. 0. 0. 0. 0. 0.
1. 0. 0. 1. 0. 0.
0. 0. 0. 0. 0. 0.
0. 0. 0.23576464 0. 0. 0.
0.08333334 0.5407442 0. 0.
0.0000000e+00 0.0000000e+00 0.0000000e+00 0.0000000e+00 0.0000000e+00
0.0000000e+00 2.5000000e-01 0.0000000e+00 3.6416635e-01 0.0000000e+00
0.0000000e+00 1.0000000e+00 1.0000000e+00 0.0000000e+00 8.8495575e-03
0.0000000e+00 0.0000000e+00 0.0000000e+00 0.0000000e+00 1.0000000e+00
5.7142860e-01 0.0000000e+00 0.0000000e+00 0.0000000e+00 1.0000000e+00
0.0000000e+00 0.0000000e+00 3.7746737e-05 0.0000000e+00 0.0000000e+00
0.0000000e+00 0.0000000e+00 0.0000000e+00 0.0000000e+00 0.0000000e+00
0.0000000e+00 1.0000000e+00 0.0000000e+00 0.0000000e+00 0.0000000e+00
0.0000000e+00 0.0000000e+00 0.0000000e+00 6.9064540e-01 0.0000000e+00
0.0000000e+00
0.000000e+00 0.000000e+00 0.000000e+00 0.000000e+00 0.000000e+00
0.000000e+00 0.000000e+00 0.000000e+00 0.000000e+00 0.000000e+00
0.000000e+00 0.000000e+00 0.000000e+00 0.000000e+00 0.000000e+00
0.000000e+00 0.000000e+00 0.000000e+00 0.000000e+00 7.453231e-06
0.000000e+00 0.000000e+00 0.000000e+00 1.000000e+00 0.000000e+00
0.000000e+00 0.000000e+00 0.000000e+00 0.000000e+00 0.000000e+00
0.000000e+00 0.000000e+00 0.000000e+00 0.000000e+00 0.000000e+00
0.000000e+00 1.000000e+00 1.000000e+00 0.000000e+00 0.000000e+00
0.000000e+00 0.000000e+00 0.000000e+00 0.000000e+00 1.000000e+00
1.000000e+00
1.0000000e+00 0.0000000e+00 0.0000000e+00 0.0000000e+00 2.3315500e-02
1.0000000e+00 0.0000000e+00 0.0000000e+00 4.2553734e-06 0.0000000e+00
0.0000000e+00 0.0000000e+00 0.0000000e+00 8.8495575e-03 0.0000000e+00
0.0000000e+00 0.0000000e+00 0.0000000e+00 0.0000000e+00 2.9812923e-05
0.0000000e+00 0.0000000e+00 0.0000000e+00 0.0000000e+00 1.0000000e+00
0.0000000e+00 0.0000000e+00 1.0389991e-02 0.0000000e+00 0.0000000e+00
0.0000000e+00 0.0000000e+00 0.0000000e+00 0.0000000e+00 0.0000000e+00
0.0000000e+00 1.0000000e+00 0.0000000e+00 7.1443464e-03 0.0000000e+00
0.0000000e+00 0.0000000e+00 8.3333336e-02 1.4634270e-05 0.0000000e+00
0.0000000e+00
1.0000000e+00 0.0000000e+00 0.0000000e+00 0.0000000e+00 2.3315500e-02
1.0000000e+00 0.0000000e+00 0.0000000e+00 3.6416635e-01 0.0000000e+00
0.0000000e+00 0.0000000e+00 0.0000000e+00 8.8495575e-03 0.0000000e+00
0.0000000e+00 0.0000000e+00 0.0000000e+00 0.0000000e+00 2.2359693e-05
0.0000000e+00 0.0000000e+00 0.0000000e+00 0.0000000e+00 1.0000000e+00
0.0000000e+00 0.0000000e+00 1.0389991e-02 0.0000000e+00 0.0000000e+00
0.0000000e+00 0.0000000e+00 0.0000000e+00 0.0000000e+00 0.0000000e+00
0.0000000e+00 1.0000000e+00 0.0000000e+00 7.1443464e-03 0.0000000e+00
0.0000000e+00 0.0000000e+00 8.3333336e-02 1.5569755e-01 0.0000000e+00
0.0000000e+00
0.000000e+00 0.000000e+00 0.000000e+00 0.000000e+00 0.000000e+00
0.000000e+00 0.000000e+00 0.000000e+00 0.000000e+00 0.000000e+00
0.000000e+00 0.000000e+00 0.000000e+00 0.000000e+00 0.000000e+00
0.000000e+00 0.000000e+00 0.000000e+00 0.000000e+00 7.453231e-06
0.000000e+00 0.000000e+00 0.000000e+00 1.000000e+00 0.000000e+00
0.000000e+00 0.000000e+00 0.000000e+00 0.000000e+00 0.000000e+00
0.000000e+00 0.000000e+00 0.000000e+00 0.000000e+00 0.000000e+00
0.000000e+00 1.000000e+00 1.000000e+00 0.000000e+00 0.000000e+00
0.000000e+00 0.000000e+00 0.000000e+00 0.000000e+00 1.000000e+00
1.000000e+00
0. 0. 0. 0. 0. 0.
0. 0. 0.36416635 0. 0. 0.25
0. 0.00884956 0. 0.00884956 0. 0.
0. 0. 0.14285715 0. 0. 0.
1. 0. 0. 1. 0. 0.
0. 0. 0. 0. 0. 1.
0. 0. 0. 0. 0. 0.
0. 1. 0. 0.
0.0000000e+00 0.0000000e+00 0.0000000e+00 0.0000000e+00 3.2974772e-02
0.0000000e+00 0.0000000e+00 0.0000000e+00 0.0000000e+00 0.0000000e+00
0.0000000e+00 0.0000000e+00 0.0000000e+00 0.0000000e+00 8.8495575e-03
8.8495575e-03 0.0000000e+00 0.0000000e+00 0.0000000e+00 3.7266156e-05
0.0000000e+00 0.0000000e+00 0.0000000e+00 0.0000000e+00 0.0000000e+00
0.0000000e+00 0.0000000e+00 2.3380732e-03 0.0000000e+00 0.0000000e+00
1.0000000e+00 0.0000000e+00 0.0000000e+00 0.0000000e+00 0.0000000e+00
0.0000000e+00 1.0000000e+00 0.0000000e+00 4.1559657e-01 0.0000000e+00
0.0000000e+00 0.0000000e+00 0.0000000e+00 1.4634270e-05 0.0000000e+00
0.0000000e+00
0.0000000e+00 0.0000000e+00 0.0000000e+00 0.0000000e+00 0.0000000e+00
0.0000000e+00 0.0000000e+00 0.0000000e+00 9.3618219e-05 0.0000000e+00
0.0000000e+00 2.5000000e-01 0.0000000e+00 8.8495575e-03 0.0000000e+00
8.8495575e-03 0.0000000e+00 0.0000000e+00 0.0000000e+00 0.0000000e+00
1.4285715e-01 0.0000000e+00 0.0000000e+00 0.0000000e+00 1.0000000e+00
0.0000000e+00 0.0000000e+00 1.0000000e+00 0.0000000e+00 0.0000000e+00
0.0000000e+00 0.0000000e+00 0.0000000e+00 0.0000000e+00 0.0000000e+00
1.0000000e+00 0.0000000e+00 0.0000000e+00 0.0000000e+00 0.0000000e+00
0.0000000e+00 0.0000000e+00 0.0000000e+00 1.0000000e+00 0.0000000e+00
0.0000000e+00
0.0000000e+00 0.0000000e+00 0.0000000e+00 0.0000000e+00 3.2974772e-02
0.0000000e+00 0.0000000e+00 0.0000000e+00 0.0000000e+00 0.0000000e+00
0.0000000e+00 0.0000000e+00 0.0000000e+00 0.0000000e+00 8.8495575e-03
8.8495575e-03 0.0000000e+00 0.0000000e+00 0.0000000e+00 5.2172618e-05
0.0000000e+00 0.0000000e+00 0.0000000e+00 0.0000000e+00 0.0000000e+00
0.0000000e+00 0.0000000e+00 1.4061670e-02 0.0000000e+00 0.0000000e+00
1.0000000e+00 0.0000000e+00 0.0000000e+00 0.0000000e+00 0.0000000e+00
0.0000000e+00 1.0000000e+00 0.0000000e+00 4.1559657e-01 0.0000000e+00
0.0000000e+00 0.0000000e+00 0.0000000e+00 1.0000000e+00 0.0000000e+00
0.0000000e+00
0. 0. 0. 0. 1. 0.
0. 0. 0. 0. 0. 0.
0. 0. 0.00884956 0.00884956 0. 0.
0. 1. 0.42857143 0. 0. 0.
0. 0. 0. 0. 0.00522624 0.00829464
0. 0. 0. 0. 0. 0.
1. 0. 0.65136147 0. 0. 0.
0.16666667 0.18108603 0. 0.
0.0000000e+00 0.0000000e+00 0.0000000e+00 0.0000000e+00 1.0000000e+00
4.0098857e-02 2.5000000e-01 2.5000000e-01 0.0000000e+00 0.0000000e+00
0.0000000e+00 0.0000000e+00 1.0000000e+00 0.0000000e+00 0.0000000e+00
8.8495575e-03 0.0000000e+00 0.0000000e+00 0.0000000e+00 7.4532312e-05
1.4285715e-01 0.0000000e+00 0.0000000e+00 0.0000000e+00 0.0000000e+00
0.0000000e+00 0.0000000e+00 0.0000000e+00 0.0000000e+00 0.0000000e+00
1.0000000e+00 0.0000000e+00 0.0000000e+00 0.0000000e+00 0.0000000e+00
0.0000000e+00 1.0000000e+00 0.0000000e+00 1.0000000e+00 0.0000000e+00
0.0000000e+00 0.0000000e+00 0.0000000e+00 5.4074419e-01 0.0000000e+00
0.0000000e+00
0. 0. 0. 0. 1. 0.
0. 0. 0. 0. 0. 0.
0. 0. 0.00884956 0.00884956 0. 0.
0. 1. 0.42857143 0. 0. 0.
0. 0. 0. 0. 0.00514872 0.00829464
0. 0. 0. 0. 0. 0.
1. 0. 0.65136147 0. 0. 0.
0.16666667 0.18108603 0. 0.
0.0000000e+00 0.0000000e+00 0.0000000e+00 0.0000000e+00 1.0000000e+00
4.0098857e-02 2.5000000e-01 2.5000000e-01 0.0000000e+00 0.0000000e+00
0.0000000e+00 0.0000000e+00 1.0000000e+00 0.0000000e+00 0.0000000e+00
8.8495575e-03 0.0000000e+00 0.0000000e+00 0.0000000e+00 2.9812923e-05
1.4285715e-01 0.0000000e+00 0.0000000e+00 0.0000000e+00 0.0000000e+00
0.0000000e+00 0.0000000e+00 0.0000000e+00 0.0000000e+00 0.0000000e+00
3.8978722e-02 0.0000000e+00 0.0000000e+00 0.0000000e+00 0.0000000e+00
0.0000000e+00 1.0000000e+00 0.0000000e+00 1.0000000e+00 0.0000000e+00
0.0000000e+00 0.0000000e+00 0.0000000e+00 3.9825663e-01 0.0000000e+00
0.0000000e+00
0.0000000e+00 0.0000000e+00 0.0000000e+00 0.0000000e+00 0.0000000e+00
0.0000000e+00 0.0000000e+00 0.0000000e+00 0.0000000e+00 0.0000000e+00
0.0000000e+00 0.0000000e+00 0.0000000e+00 0.0000000e+00 0.0000000e+00
0.0000000e+00 0.0000000e+00 0.0000000e+00 0.0000000e+00 9.6891999e-05
0.0000000e+00 0.0000000e+00 0.0000000e+00 0.0000000e+00 0.0000000e+00
0.0000000e+00 0.0000000e+00 4.6758972e-02 0.0000000e+00 0.0000000e+00
0.0000000e+00 0.0000000e+00 0.0000000e+00 0.0000000e+00 0.0000000e+00
0.0000000e+00 1.0000000e+00 0.0000000e+00 0.0000000e+00 0.0000000e+00
0.0000000e+00 0.0000000e+00 0.0000000e+00 6.9064540e-01 0.0000000e+00
0.0000000e+00
0.0000000e+00 0.0000000e+00 0.0000000e+00 0.0000000e+00 0.0000000e+00
0.0000000e+00 5.0000000e-01 2.5000000e-01 2.5243300e-01 0.0000000e+00
0.0000000e+00 2.5000000e-01 1.0000000e+00 0.0000000e+00 0.0000000e+00
0.0000000e+00 0.0000000e+00 0.0000000e+00 0.0000000e+00 7.4532309e-06
0.0000000e+00 0.0000000e+00 0.0000000e+00 5.5555556e-02 4.8620018e-01
0.0000000e+00 0.0000000e+00 9.0445224e-03 0.0000000e+00 0.0000000e+00
0.0000000e+00 0.0000000e+00 0.0000000e+00 0.0000000e+00 0.0000000e+00
0.0000000e+00 1.0000000e+00 1.0000000e+00 0.0000000e+00 0.0000000e+00
0.0000000e+00 0.0000000e+00 0.0000000e+00 1.9534377e-02 0.0000000e+00
0.0000000e+00
0.0000000e+00 0.0000000e+00 0.0000000e+00 0.0000000e+00 0.0000000e+00
0.0000000e+00 0.0000000e+00 0.0000000e+00 0.0000000e+00 0.0000000e+00
0.0000000e+00 0.0000000e+00 0.0000000e+00 0.0000000e+00 0.0000000e+00
0.0000000e+00 0.0000000e+00 0.0000000e+00 0.0000000e+00 9.6891999e-05
0.0000000e+00 0.0000000e+00 0.0000000e+00 0.0000000e+00 0.0000000e+00
0.0000000e+00 0.0000000e+00 4.1476518e-02 0.0000000e+00 0.0000000e+00
0.0000000e+00 0.0000000e+00 0.0000000e+00 0.0000000e+00 0.0000000e+00
0.0000000e+00 1.0000000e+00 0.0000000e+00 0.0000000e+00 0.0000000e+00
0.0000000e+00 0.0000000e+00 0.0000000e+00 8.1870550e-01 0.0000000e+00
0.0000000e+00
0.0000000e+00 0.0000000e+00 0.0000000e+00 0.0000000e+00 0.0000000e+00
0.0000000e+00 2.5000000e-01 2.5000000e-01 2.5243300e-01 0.0000000e+00
0.0000000e+00 2.5000000e-01 1.0000000e+00 0.0000000e+00 0.0000000e+00
0.0000000e+00 0.0000000e+00 0.0000000e+00 0.0000000e+00 7.4532309e-06
0.0000000e+00 0.0000000e+00 0.0000000e+00 5.5555556e-02 4.8620018e-01
0.0000000e+00 0.0000000e+00 6.1428905e-02 0.0000000e+00 0.0000000e+00
0.0000000e+00 0.0000000e+00 0.0000000e+00 0.0000000e+00 0.0000000e+00
0.0000000e+00 1.0000000e+00 1.0000000e+00 0.0000000e+00 0.0000000e+00
0.0000000e+00 0.0000000e+00 0.0000000e+00 7.5073051e-01 0.0000000e+00
0.0000000e+00
0. 0. 0. 0. 0. 0.
0. 0. 0.04353247 0. 0. 0.25
0. 0.00884956 0. 0.00884956 0. 0.
0. 0. 0.14285715 0. 0. 0.
1. 0. 0. 1. 0. 0.
0. 0. 0. 0. 0. 1.
0. 0. 0. 0. 0. 0.
0. 1. 0. 0.
0. 0. 0. 0. 0. 0.
0. 0. 0.36416635 0. 0. 0.25
0. 0.00884956 0. 0.00884956 0. 0.
0. 0. 0.14285715 0. 0. 0.
1. 0. 0. 1. 0. 0.
0. 0. 0. 0. 0. 1.
0. 0. 0. 0. 0. 0.
0. 1. 0. 0.
0.0000000e+00 0.0000000e+00 0.0000000e+00 0.0000000e+00 0.0000000e+00
0.0000000e+00 2.5000000e-01 2.5000000e-01 5.3439832e-01 0.0000000e+00
0.0000000e+00 1.0000000e+00 1.0000000e+00 0.0000000e+00 8.8495575e-03
8.8495575e-03 0.0000000e+00 0.0000000e+00 0.0000000e+00 2.9812923e-05
2.8571430e-01 0.0000000e+00 0.0000000e+00 0.0000000e+00 5.5748872e-02
0.0000000e+00 0.0000000e+00 4.7601059e-02 0.0000000e+00 0.0000000e+00
9.6995151e-01 0.0000000e+00 0.0000000e+00 0.0000000e+00 0.0000000e+00
0.0000000e+00 1.0000000e+00 0.0000000e+00 0.0000000e+00 0.0000000e+00
0.0000000e+00 0.0000000e+00 0.0000000e+00 3.9825663e-01 0.0000000e+00
0.0000000e+00
0.00000000e+00 0.00000000e+00 0.00000000e+00 0.00000000e+00
1.00000000e+00 0.00000000e+00 0.00000000e+00 0.00000000e+00
0.00000000e+00 0.00000000e+00 0.00000000e+00 0.00000000e+00
0.00000000e+00 0.00000000e+00 0.00000000e+00 0.00000000e+00
0.00000000e+00 0.00000000e+00 0.00000000e+00 7.45323086e-06
0.00000000e+00 0.00000000e+00 0.00000000e+00 0.00000000e+00
0.00000000e+00 0.00000000e+00 0.00000000e+00 0.00000000e+00
0.00000000e+00 0.00000000e+00 0.00000000e+00 0.00000000e+00
0.00000000e+00 0.00000000e+00 0.00000000e+00 0.00000000e+00
1.00000000e+00 0.00000000e+00 1.00060206e-04 0.00000000e+00
0.00000000e+00 0.00000000e+00 0.00000000e+00 5.40744185e-01
0.00000000e+00 0.00000000e+00
0.00000000e+00 0.00000000e+00 0.00000000e+00 0.00000000e+00
1.00000000e+00 0.00000000e+00 0.00000000e+00 0.00000000e+00
0.00000000e+00 0.00000000e+00 0.00000000e+00 0.00000000e+00
0.00000000e+00 0.00000000e+00 0.00000000e+00 0.00000000e+00
0.00000000e+00 0.00000000e+00 0.00000000e+00 7.45323086e-06
0.00000000e+00 0.00000000e+00 0.00000000e+00 0.00000000e+00
0.00000000e+00 0.00000000e+00 0.00000000e+00 0.00000000e+00
0.00000000e+00 0.00000000e+00 0.00000000e+00 0.00000000e+00
0.00000000e+00 0.00000000e+00 0.00000000e+00 0.00000000e+00
1.00000000e+00 0.00000000e+00 1.00060206e-04 0.00000000e+00
0.00000000e+00 0.00000000e+00 0.00000000e+00 5.40744185e-01
0.00000000e+00 0.00000000e+00
1.0000000e+00 0.0000000e+00 0.0000000e+00 0.0000000e+00 2.3315500e-02
1.0000000e+00 2.5000000e-01 2.5000000e-01 3.6416635e-01 0.0000000e+00
0.0000000e+00 0.0000000e+00 1.0000000e+00 8.8495575e-03 0.0000000e+00
0.0000000e+00 8.8495575e-03 0.0000000e+00 0.0000000e+00 7.4532309e-06
0.0000000e+00 0.0000000e+00 0.0000000e+00 0.0000000e+00 1.0000000e+00
0.0000000e+00 0.0000000e+00 3.0884717e-02 0.0000000e+00 0.0000000e+00
0.0000000e+00 0.0000000e+00 0.0000000e+00 0.0000000e+00 0.0000000e+00
0.0000000e+00 1.0000000e+00 0.0000000e+00 7.1443464e-03 0.0000000e+00
1.0000000e+00 0.0000000e+00 8.3333336e-02 4.0757865e-01 0.0000000e+00
0.0000000e+00
0.0000000e+00 0.0000000e+00 0.0000000e+00 0.0000000e+00 1.0000000e+00
0.0000000e+00 0.0000000e+00 0.0000000e+00 4.2553736e-05 0.0000000e+00
0.0000000e+00 5.0000000e-01 0.0000000e+00 0.0000000e+00 8.8495575e-03
0.0000000e+00 0.0000000e+00 0.0000000e+00 0.0000000e+00 1.0000000e+00
4.2857143e-01 0.0000000e+00 0.0000000e+00 0.0000000e+00 1.0000000e+00
0.0000000e+00 0.0000000e+00 0.0000000e+00 6.4823278e-03 0.0000000e+00
0.0000000e+00 0.0000000e+00 0.0000000e+00 0.0000000e+00 0.0000000e+00
0.0000000e+00 1.0000000e+00 0.0000000e+00 1.0392488e-01 0.0000000e+00
0.0000000e+00 0.0000000e+00 1.6666667e-01 9.3211162e-01 0.0000000e+00
0.0000000e+00
0.0000000e+00 0.0000000e+00 0.0000000e+00 0.0000000e+00 0.0000000e+00
0.0000000e+00 0.0000000e+00 0.0000000e+00 4.3532472e-02 0.0000000e+00
0.0000000e+00 0.0000000e+00 0.0000000e+00 0.0000000e+00 0.0000000e+00
0.0000000e+00 0.0000000e+00 0.0000000e+00 0.0000000e+00 7.4532309e-06
0.0000000e+00 0.0000000e+00 0.0000000e+00 0.0000000e+00 1.0000000e+00
0.0000000e+00 0.0000000e+00 0.0000000e+00 0.0000000e+00 0.0000000e+00
0.0000000e+00 0.0000000e+00 0.0000000e+00 0.0000000e+00 0.0000000e+00
0.0000000e+00 1.0000000e+00 0.0000000e+00 0.0000000e+00 0.0000000e+00
0.0000000e+00 0.0000000e+00 0.0000000e+00 1.0000000e+00 0.0000000e+00
0.0000000e+00
0.0000000e+00 0.0000000e+00 0.0000000e+00 0.0000000e+00 0.0000000e+00
0.0000000e+00 0.0000000e+00 0.0000000e+00 1.0932054e-02 0.0000000e+00
0.0000000e+00 0.0000000e+00 0.0000000e+00 0.0000000e+00 0.0000000e+00
0.0000000e+00 0.0000000e+00 0.0000000e+00 0.0000000e+00 7.4532309e-06
0.0000000e+00 0.0000000e+00 0.0000000e+00 0.0000000e+00 1.0000000e+00
0.0000000e+00 0.0000000e+00 0.0000000e+00 0.0000000e+00 0.0000000e+00
0.0000000e+00 0.0000000e+00 0.0000000e+00 0.0000000e+00 0.0000000e+00
0.0000000e+00 1.0000000e+00 0.0000000e+00 0.0000000e+00 0.0000000e+00
0.0000000e+00 0.0000000e+00 0.0000000e+00 1.0000000e+00 0.0000000e+00
0.0000000e+00
0. 0. 0. 0. 0.03297477 0.
0. 0. 0. 0. 0. 0.
0. 0. 0.00884956 0.00884956 0. 0.
0. 0. 0. 0. 0. 0.
0. 0. 0. 0.01406167 0. 0.
1. 0. 0. 0. 0. 0.
0. 0. 0.41559657 0. 0. 0.
0. 1. 0. 0.
0. 0. 0. 0. 0.02268266 0.
0. 0. 0. 0. 0. 0.
0. 0. 0.00884956 0.00884956 0. 0.
0. 0. 0. 0. 0. 0.
0. 0. 0. 0.01406167 0. 0.
1. 0. 0. 0. 0. 0.
0. 0. 0.41559657 0. 0. 0.
0. 1. 0. 0.
0.0000000e+00 0.0000000e+00 0.0000000e+00 0.0000000e+00 3.2974772e-02
0.0000000e+00 2.5000000e-01 2.5000000e-01 0.0000000e+00 0.0000000e+00
0.0000000e+00 0.0000000e+00 1.0000000e+00 0.0000000e+00 8.8495575e-03
8.8495575e-03 0.0000000e+00 0.0000000e+00 0.0000000e+00 5.2172618e-05
0.0000000e+00 0.0000000e+00 0.0000000e+00 0.0000000e+00 0.0000000e+00
0.0000000e+00 0.0000000e+00 1.4061670e-02 0.0000000e+00 0.0000000e+00
1.0000000e+00 0.0000000e+00 0.0000000e+00 0.0000000e+00 0.0000000e+00
0.0000000e+00 1.0000000e+00 0.0000000e+00 4.1559657e-01 0.0000000e+00
0.0000000e+00 0.0000000e+00 0.0000000e+00 1.0000000e+00 0.0000000e+00
0.0000000e+00
0. 0. 0. 0. 1. 0.
0. 0. 0. 0. 0. 0.
0. 0. 0.00884956 0.00884956 0. 0.
0. 1. 0.42857143 0. 0. 0.
0. 0. 0. 0. 0.00423404 0.00492696
0. 0. 0. 0. 0. 0.
1. 0. 0.6193362 0. 0. 0.
0.08333334 0.13999696 0. 0.
0.0000000e+00 0.0000000e+00 0.0000000e+00 0.0000000e+00 3.2974772e-02
0.0000000e+00 0.0000000e+00 0.0000000e+00 9.7873592e-05 0.0000000e+00
0.0000000e+00 0.0000000e+00 0.0000000e+00 0.0000000e+00 8.8495575e-03
8.8495575e-03 0.0000000e+00 0.0000000e+00 0.0000000e+00 5.2172618e-05
0.0000000e+00 0.0000000e+00 0.0000000e+00 0.0000000e+00 1.0000000e+00
0.0000000e+00 0.0000000e+00 1.4061670e-02 0.0000000e+00 0.0000000e+00
1.0000000e+00 0.0000000e+00 0.0000000e+00 0.0000000e+00 0.0000000e+00
0.0000000e+00 1.0000000e+00 0.0000000e+00 1.0000000e+00 0.0000000e+00
0.0000000e+00 0.0000000e+00 0.0000000e+00 1.0000000e+00 0.0000000e+00
0.0000000e+00
0.000000e+00 0.000000e+00 0.000000e+00 0.000000e+00 0.000000e+00
0.000000e+00 0.000000e+00 0.000000e+00 0.000000e+00 0.000000e+00
0.000000e+00 0.000000e+00 0.000000e+00 0.000000e+00 0.000000e+00
0.000000e+00 0.000000e+00 0.000000e+00 0.000000e+00 7.453231e-06
0.000000e+00 0.000000e+00 0.000000e+00 1.000000e+00 0.000000e+00
0.000000e+00 0.000000e+00 0.000000e+00 0.000000e+00 0.000000e+00
0.000000e+00 0.000000e+00 0.000000e+00 0.000000e+00 0.000000e+00
0.000000e+00 1.000000e+00 1.000000e+00 0.000000e+00 0.000000e+00
0.000000e+00 0.000000e+00 0.000000e+00 0.000000e+00 1.000000e+00
1.000000e+00
0.0000000e+00 0.0000000e+00 0.0000000e+00 0.0000000e+00 1.0000000e+00
0.0000000e+00 0.0000000e+00 0.0000000e+00 0.0000000e+00 0.0000000e+00
0.0000000e+00 0.0000000e+00 0.0000000e+00 0.0000000e+00 8.8495575e-03
8.8495575e-03 0.0000000e+00 0.0000000e+00 0.0000000e+00 1.0000000e+00
4.2857143e-01 0.0000000e+00 0.0000000e+00 0.0000000e+00 0.0000000e+00
0.0000000e+00 0.0000000e+00 0.0000000e+00 4.5711971e-03 5.4193526e-05
0.0000000e+00 0.0000000e+00 0.0000000e+00 0.0000000e+00 0.0000000e+00
0.0000000e+00 1.0000000e+00 0.0000000e+00 2.3576464e-01 0.0000000e+00
0.0000000e+00 0.0000000e+00 1.6666667e-01 1.3999696e-01 0.0000000e+00
0.0000000e+00
0. 0. 0. 0. 1. 0.
0. 0. 0. 0. 0. 0.
0. 0. 0.00884956 0.00884956 0. 0.
0. 1. 0.42857143 0. 0. 0.
0. 0. 0. 0. 0.003226 0.00881218
0. 0. 0. 0. 0. 0.
1. 0. 0.65136147 0. 0. 0.
0.16666667 0.2157827 0. 0.
0. 0. 0. 0. 0. 0.
0. 0. 0. 0.5343983 1. 0.
0. 0. 0.00884956 0.00884956 0. 0.
0. 0. 0. 0.2857143 0.2857143 0.16666667
0. 1. 1. 0. 0. 0.
0. 1. 0.4962193 0. 0. 0.
0. 1. 0. 0. 0. 0.
0. 0. 1. 0.40757865
0. 0. 0. 0. 1. 0.
0. 0. 0. 0. 0. 0.
0. 0. 0.00884956 0.00884956 0. 0.
0. 0. 0.42857143 0. 0. 0.
0. 0. 0. 0. 0.00396671 0.00488409
0. 0. 0. 0. 0. 0.
0. 0. 0.41559657 0. 0. 0.
0.16666667 0.5407347 0. 0.
0. 0. 0. 0. 1. 0.
0. 0. 0. 0. 0. 0.
0. 0. 0.00884956 0.00884956 0. 0.
0. 0. 0.42857143 0. 0. 0.
0. 0. 0. 0. 0.00326705 0.00235371
0. 0. 0. 0. 0. 0.
0. 0. 0.23576464 0. 0. 0.
0.08333334 0.9303472 0. 0.
1.0000000e+00 0.0000000e+00 0.0000000e+00 0.0000000e+00 6.3671482e-01
0.0000000e+00 0.0000000e+00 0.0000000e+00 0.0000000e+00 0.0000000e+00
0.0000000e+00 0.0000000e+00 0.0000000e+00 0.0000000e+00 1.0000000e+00
0.0000000e+00 8.8495575e-03 8.8495575e-03 8.8495575e-03 1.0000000e+00
2.8571430e-01 0.0000000e+00 0.0000000e+00 0.0000000e+00 0.0000000e+00
0.0000000e+00 0.0000000e+00 0.0000000e+00 1.6873465e-03 0.0000000e+00
0.0000000e+00 0.0000000e+00 0.0000000e+00 8.6084771e-04 8.3403679e-04
0.0000000e+00 1.0000000e+00 0.0000000e+00 1.6735010e-02 0.0000000e+00
0.0000000e+00 2.8182682e-02 6.6666669e-01 9.3211162e-01 0.0000000e+00
0.0000000e+00
0.0000000e+00 0.0000000e+00 0.0000000e+00 0.0000000e+00 1.0000000e+00
0.0000000e+00 0.0000000e+00 0.0000000e+00 0.0000000e+00 0.0000000e+00
0.0000000e+00 0.0000000e+00 0.0000000e+00 0.0000000e+00 8.8495575e-03
8.8495575e-03 0.0000000e+00 0.0000000e+00 0.0000000e+00 5.2172618e-05
2.8571430e-01 0.0000000e+00 0.0000000e+00 0.0000000e+00 0.0000000e+00
0.0000000e+00 0.0000000e+00 0.0000000e+00 6.2499158e-03 4.3328535e-03
0.0000000e+00 0.0000000e+00 0.0000000e+00 0.0000000e+00 0.0000000e+00
0.0000000e+00 1.0000000e+00 0.0000000e+00 2.3576464e-01 0.0000000e+00
0.0000000e+00 0.0000000e+00 8.3333336e-02 7.4681133e-01 0.0000000e+00
0.0000000e+00
0.0000000e+00 0.0000000e+00 0.0000000e+00 0.0000000e+00 1.0000000e+00
0.0000000e+00 0.0000000e+00 0.0000000e+00 0.0000000e+00 0.0000000e+00
0.0000000e+00 0.0000000e+00 0.0000000e+00 0.0000000e+00 8.8495575e-03
8.8495575e-03 0.0000000e+00 0.0000000e+00 0.0000000e+00 6.7079076e-05
2.8571430e-01 0.0000000e+00 0.0000000e+00 0.0000000e+00 0.0000000e+00
0.0000000e+00 0.0000000e+00 0.0000000e+00 6.2499158e-03 4.3328535e-03
0.0000000e+00 0.0000000e+00 0.0000000e+00 0.0000000e+00 0.0000000e+00
0.0000000e+00 1.0000000e+00 0.0000000e+00 2.3576464e-01 0.0000000e+00
0.0000000e+00 0.0000000e+00 8.3333336e-02 8.1741929e-01 0.0000000e+00
0.0000000e+00
0.0000000e+00 0.0000000e+00 0.0000000e+00 0.0000000e+00 1.0000000e+00
0.0000000e+00 0.0000000e+00 0.0000000e+00 0.0000000e+00 0.0000000e+00
0.0000000e+00 0.0000000e+00 0.0000000e+00 0.0000000e+00 8.8495575e-03
8.8495575e-03 0.0000000e+00 0.0000000e+00 0.0000000e+00 5.9625847e-05
2.8571430e-01 0.0000000e+00 0.0000000e+00 0.0000000e+00 0.0000000e+00
0.0000000e+00 0.0000000e+00 0.0000000e+00 6.2499158e-03 4.3328535e-03
0.0000000e+00 0.0000000e+00 0.0000000e+00 0.0000000e+00 0.0000000e+00
0.0000000e+00 1.0000000e+00 0.0000000e+00 4.1559657e-01 0.0000000e+00
0.0000000e+00 0.0000000e+00 8.3333336e-02 7.5073051e-01 0.0000000e+00
0.0000000e+00
1.0000000e+00 0.0000000e+00 0.0000000e+00 0.0000000e+00 6.0610288e-01
0.0000000e+00 0.0000000e+00 0.0000000e+00 0.0000000e+00 0.0000000e+00
0.0000000e+00 0.0000000e+00 0.0000000e+00 0.0000000e+00 1.0000000e+00
0.0000000e+00 8.8495575e-03 8.8495575e-03 8.8495575e-03 1.0000000e+00
1.4285715e-01 0.0000000e+00 0.0000000e+00 0.0000000e+00 0.0000000e+00
0.0000000e+00 0.0000000e+00 0.0000000e+00 7.4442968e-02 0.0000000e+00
0.0000000e+00 0.0000000e+00 0.0000000e+00 8.6084771e-04 8.3403679e-04
0.0000000e+00 1.0000000e+00 0.0000000e+00 5.4956325e-03 0.0000000e+00
0.0000000e+00 1.4424813e-01 8.3333336e-02 1.8108603e-01 0.0000000e+00
0.0000000e+00
0.0000000e+00 0.0000000e+00 0.0000000e+00 0.0000000e+00 0.0000000e+00
0.0000000e+00 0.0000000e+00 0.0000000e+00 0.0000000e+00 0.0000000e+00
0.0000000e+00 0.0000000e+00 0.0000000e+00 0.0000000e+00 0.0000000e+00
0.0000000e+00 0.0000000e+00 0.0000000e+00 0.0000000e+00 9.6891999e-05
0.0000000e+00 0.0000000e+00 0.0000000e+00 0.0000000e+00 0.0000000e+00
0.0000000e+00 0.0000000e+00 9.9918982e-03 0.0000000e+00 0.0000000e+00
0.0000000e+00 0.0000000e+00 0.0000000e+00 0.0000000e+00 0.0000000e+00
0.0000000e+00 1.0000000e+00 0.0000000e+00 0.0000000e+00 0.0000000e+00
0.0000000e+00 0.0000000e+00 0.0000000e+00 3.9825663e-01 0.0000000e+00
0.0000000e+00
0.0000000e+00 0.0000000e+00 0.0000000e+00 0.0000000e+00 0.0000000e+00
0.0000000e+00 0.0000000e+00 0.0000000e+00 0.0000000e+00 0.0000000e+00
0.0000000e+00 0.0000000e+00 0.0000000e+00 0.0000000e+00 0.0000000e+00
0.0000000e+00 0.0000000e+00 0.0000000e+00 0.0000000e+00 9.6891999e-05
0.0000000e+00 0.0000000e+00 0.0000000e+00 0.0000000e+00 0.0000000e+00
0.0000000e+00 0.0000000e+00 2.6355310e-05 0.0000000e+00 0.0000000e+00
0.0000000e+00 0.0000000e+00 0.0000000e+00 0.0000000e+00 0.0000000e+00
0.0000000e+00 1.0000000e+00 0.0000000e+00 0.0000000e+00 0.0000000e+00
0.0000000e+00 0.0000000e+00 0.0000000e+00 1.5569755e-01 0.0000000e+00
0.0000000e+00
0.0000000e+00 0.0000000e+00 0.0000000e+00 0.0000000e+00 1.0000000e+00
0.0000000e+00 0.0000000e+00 0.0000000e+00 0.0000000e+00 0.0000000e+00
0.0000000e+00 0.0000000e+00 0.0000000e+00 0.0000000e+00 8.8495575e-03
8.8495575e-03 0.0000000e+00 0.0000000e+00 0.0000000e+00 6.7079076e-05
2.8571430e-01 0.0000000e+00 0.0000000e+00 0.0000000e+00 0.0000000e+00
0.0000000e+00 0.0000000e+00 0.0000000e+00 6.2499158e-03 4.3328535e-03
0.0000000e+00 0.0000000e+00 0.0000000e+00 0.0000000e+00 0.0000000e+00
0.0000000e+00 1.0000000e+00 0.0000000e+00 4.1559657e-01 0.0000000e+00
0.0000000e+00 0.0000000e+00 8.3333336e-02 6.3965404e-01 0.0000000e+00
0.0000000e+00
0.0000000e+00 0.0000000e+00 0.0000000e+00 0.0000000e+00 1.0000000e+00
0.0000000e+00 0.0000000e+00 0.0000000e+00 1.2766121e-05 0.0000000e+00
0.0000000e+00 5.0000000e-01 0.0000000e+00 0.0000000e+00 8.8495575e-03
0.0000000e+00 0.0000000e+00 0.0000000e+00 0.0000000e+00 1.0000000e+00
4.2857143e-01 0.0000000e+00 0.0000000e+00 0.0000000e+00 1.0000000e+00
0.0000000e+00 0.0000000e+00 0.0000000e+00 8.2946429e-03 0.0000000e+00
0.0000000e+00 0.0000000e+00 0.0000000e+00 0.0000000e+00 0.0000000e+00
0.0000000e+00 1.0000000e+00 0.0000000e+00 1.5421748e-03 0.0000000e+00
0.0000000e+00 0.0000000e+00 4.1666666e-01 7.0026720e-01 0.0000000e+00
0.0000000e+00
0.0000000e+00 0.0000000e+00 0.0000000e+00 0.0000000e+00 0.0000000e+00
0.0000000e+00 0.0000000e+00 0.0000000e+00 0.0000000e+00 0.0000000e+00
0.0000000e+00 0.0000000e+00 0.0000000e+00 8.8495575e-03 0.0000000e+00
0.0000000e+00 0.0000000e+00 0.0000000e+00 0.0000000e+00 9.6891999e-05
0.0000000e+00 0.0000000e+00 0.0000000e+00 0.0000000e+00 0.0000000e+00
0.0000000e+00 0.0000000e+00 0.0000000e+00 0.0000000e+00 0.0000000e+00
3.7598395e-01 0.0000000e+00 0.0000000e+00 0.0000000e+00 0.0000000e+00
0.0000000e+00 1.0000000e+00 0.0000000e+00 0.0000000e+00 0.0000000e+00
0.0000000e+00 0.0000000e+00 0.0000000e+00 3.9825663e-01 0.0000000e+00
0.0000000e+00
0.0000000e+00 0.0000000e+00 0.0000000e+00 0.0000000e+00 0.0000000e+00
0.0000000e+00 0.0000000e+00 0.0000000e+00 0.0000000e+00 0.0000000e+00
0.0000000e+00 0.0000000e+00 0.0000000e+00 8.8495575e-03 0.0000000e+00
0.0000000e+00 0.0000000e+00 0.0000000e+00 0.0000000e+00 9.6891999e-05
0.0000000e+00 0.0000000e+00 0.0000000e+00 0.0000000e+00 0.0000000e+00
0.0000000e+00 0.0000000e+00 0.0000000e+00 0.0000000e+00 0.0000000e+00
6.8172184e-03 0.0000000e+00 0.0000000e+00 0.0000000e+00 0.0000000e+00
0.0000000e+00 1.0000000e+00 0.0000000e+00 0.0000000e+00 0.0000000e+00
0.0000000e+00 0.0000000e+00 0.0000000e+00 1.5569755e-01 0.0000000e+00
0.0000000e+00
0.0000000e+00 0.0000000e+00 0.0000000e+00 0.0000000e+00 1.0000000e+00
0.0000000e+00 0.0000000e+00 0.0000000e+00 1.2766121e-05 0.0000000e+00
0.0000000e+00 2.5000000e-01 0.0000000e+00 0.0000000e+00 8.8495575e-03
0.0000000e+00 0.0000000e+00 0.0000000e+00 0.0000000e+00 1.0000000e+00
2.8571430e-01 0.0000000e+00 0.0000000e+00 0.0000000e+00 1.0000000e+00
0.0000000e+00 0.0000000e+00 0.0000000e+00 6.4823278e-03 0.0000000e+00
0.0000000e+00 0.0000000e+00 0.0000000e+00 0.0000000e+00 0.0000000e+00
0.0000000e+00 1.0000000e+00 0.0000000e+00 3.9539379e-03 0.0000000e+00
0.0000000e+00 0.0000000e+00 1.6666667e-01 2.1578270e-01 0.0000000e+00
0.0000000e+00
0. 0. 0. 0. 0. 0.
0. 0. 0. 0. 0. 0.25
0. 1. 0. 0. 0. 0.
0. 0. 0. 0. 0. 0.
0.00300368 0. 0. 0.0099919 0. 0.
0. 0. 0. 0. 0. 0.
0. 0. 0. 0. 0. 0.
0. 0.39825663 0. 0.
0.0000000e+00 0.0000000e+00 0.0000000e+00 0.0000000e+00 0.0000000e+00
0.0000000e+00 0.0000000e+00 0.0000000e+00 0.0000000e+00 0.0000000e+00
0.0000000e+00 2.5000000e-01 0.0000000e+00 1.0000000e+00 0.0000000e+00
0.0000000e+00 0.0000000e+00 0.0000000e+00 0.0000000e+00 0.0000000e+00
0.0000000e+00 0.0000000e+00 0.0000000e+00 0.0000000e+00 1.9930023e-05
0.0000000e+00 0.0000000e+00 3.6767006e-02 0.0000000e+00 0.0000000e+00
0.0000000e+00 0.0000000e+00 0.0000000e+00 0.0000000e+00 0.0000000e+00
0.0000000e+00 0.0000000e+00 0.0000000e+00 0.0000000e+00 0.0000000e+00
0.0000000e+00 0.0000000e+00 0.0000000e+00 1.5569755e-01 0.0000000e+00
0.0000000e+00
1.0000000e+00 0.0000000e+00 0.0000000e+00 0.0000000e+00 1.0000000e+00
0.0000000e+00 0.0000000e+00 0.0000000e+00 3.6416635e-01 0.0000000e+00
0.0000000e+00 0.0000000e+00 0.0000000e+00 0.0000000e+00 0.0000000e+00
0.0000000e+00 0.0000000e+00 0.0000000e+00 0.0000000e+00 7.4532309e-06
0.0000000e+00 0.0000000e+00 0.0000000e+00 0.0000000e+00 1.0000000e+00
0.0000000e+00 0.0000000e+00 0.0000000e+00 0.0000000e+00 0.0000000e+00
0.0000000e+00 0.0000000e+00 0.0000000e+00 0.0000000e+00 0.0000000e+00
0.0000000e+00 1.0000000e+00 0.0000000e+00 1.0000000e+00 0.0000000e+00
0.0000000e+00 0.0000000e+00 0.0000000e+00 1.0000000e+00 0.0000000e+00
0.0000000e+00
0.00000000e+00 0.00000000e+00 0.00000000e+00 0.00000000e+00
1.00000000e+00 0.00000000e+00 0.00000000e+00 0.00000000e+00
0.00000000e+00 0.00000000e+00 0.00000000e+00 0.00000000e+00
0.00000000e+00 0.00000000e+00 0.00000000e+00 0.00000000e+00
0.00000000e+00 0.00000000e+00 0.00000000e+00 7.45323086e-06
0.00000000e+00 0.00000000e+00 0.00000000e+00 0.00000000e+00
0.00000000e+00 0.00000000e+00 0.00000000e+00 0.00000000e+00
0.00000000e+00 0.00000000e+00 0.00000000e+00 0.00000000e+00
0.00000000e+00 0.00000000e+00 0.00000000e+00 0.00000000e+00
1.00000000e+00 0.00000000e+00 1.00060206e-04 0.00000000e+00
0.00000000e+00 0.00000000e+00 0.00000000e+00 1.55697554e-01
0.00000000e+00 0.00000000e+00
0.00000000e+00 0.00000000e+00 0.00000000e+00 0.00000000e+00
1.00000000e+00 0.00000000e+00 0.00000000e+00 0.00000000e+00
0.00000000e+00 0.00000000e+00 0.00000000e+00 0.00000000e+00
0.00000000e+00 0.00000000e+00 0.00000000e+00 0.00000000e+00
0.00000000e+00 0.00000000e+00 0.00000000e+00 5.96258469e-05
0.00000000e+00 0.00000000e+00 0.00000000e+00 0.00000000e+00
0.00000000e+00 0.00000000e+00 0.00000000e+00 0.00000000e+00
0.00000000e+00 0.00000000e+00 0.00000000e+00 0.00000000e+00
0.00000000e+00 0.00000000e+00 0.00000000e+00 0.00000000e+00
1.00000000e+00 0.00000000e+00 1.00060206e-04 0.00000000e+00
0.00000000e+00 0.00000000e+00 0.00000000e+00 1.85894787e-05
0.00000000e+00 0.00000000e+00
1.0000000e+00 0.0000000e+00 0.0000000e+00 0.0000000e+00 6.0810786e-01
0.0000000e+00 0.0000000e+00 0.0000000e+00 0.0000000e+00 0.0000000e+00
0.0000000e+00 0.0000000e+00 0.0000000e+00 0.0000000e+00 1.0000000e+00
0.0000000e+00 8.8495575e-03 8.8495575e-03 8.8495575e-03 1.0000000e+00
2.8571430e-01 0.0000000e+00 0.0000000e+00 0.0000000e+00 0.0000000e+00
0.0000000e+00 0.0000000e+00 0.0000000e+00 2.9960392e-02 0.0000000e+00
0.0000000e+00 0.0000000e+00 0.0000000e+00 8.6084771e-04 8.3403679e-04
0.0000000e+00 1.0000000e+00 0.0000000e+00 1.5144364e-02 0.0000000e+00
0.0000000e+00 6.8371450e-03 8.3333336e-02 7.9754597e-01 0.0000000e+00
0.0000000e+00
7.66374171e-01 0.00000000e+00 0.00000000e+00 0.00000000e+00
1.00000000e+00 0.00000000e+00 0.00000000e+00 0.00000000e+00
0.00000000e+00 0.00000000e+00 0.00000000e+00 0.00000000e+00
0.00000000e+00 8.84955749e-03 0.00000000e+00 0.00000000e+00
0.00000000e+00 0.00000000e+00 0.00000000e+00 0.00000000e+00
0.00000000e+00 0.00000000e+00 0.00000000e+00 5.55555560e-02
0.00000000e+00 0.00000000e+00 0.00000000e+00 0.00000000e+00
0.00000000e+00 0.00000000e+00 0.00000000e+00 0.00000000e+00
0.00000000e+00 0.00000000e+00 0.00000000e+00 0.00000000e+00
0.00000000e+00 1.00000000e+00 1.15377575e-01 0.00000000e+00
9.78518437e-06 0.00000000e+00 0.00000000e+00 1.37478292e-01
0.00000000e+00 0.00000000e+00
7.6637417e-01 0.0000000e+00 0.0000000e+00 0.0000000e+00 1.0000000e+00
0.0000000e+00 0.0000000e+00 0.0000000e+00 0.0000000e+00 0.0000000e+00
0.0000000e+00 0.0000000e+00 0.0000000e+00 8.8495575e-03 0.0000000e+00
0.0000000e+00 0.0000000e+00 0.0000000e+00 0.0000000e+00 0.0000000e+00
0.0000000e+00 0.0000000e+00 0.0000000e+00 5.5555556e-02 0.0000000e+00
0.0000000e+00 0.0000000e+00 0.0000000e+00 0.0000000e+00 0.0000000e+00
0.0000000e+00 0.0000000e+00 0.0000000e+00 0.0000000e+00 0.0000000e+00
0.0000000e+00 0.0000000e+00 1.0000000e+00 2.3425845e-02 0.0000000e+00
9.7851844e-06 0.0000000e+00 0.0000000e+00 3.1003295e-02 0.0000000e+00
0.0000000e+00
1.0000000e+00 0.0000000e+00 0.0000000e+00 0.0000000e+00 6.1365104e-01
0.0000000e+00 0.0000000e+00 0.0000000e+00 0.0000000e+00 0.0000000e+00
0.0000000e+00 0.0000000e+00 0.0000000e+00 0.0000000e+00 8.8495575e-03
0.0000000e+00 8.8495575e-03 8.8495575e-03 8.8495575e-03 0.0000000e+00
2.8571430e-01 0.0000000e+00 0.0000000e+00 0.0000000e+00 0.0000000e+00
0.0000000e+00 0.0000000e+00 0.0000000e+00 1.8122478e-03 0.0000000e+00
0.0000000e+00 0.0000000e+00 0.0000000e+00 8.6084771e-04 8.3403679e-04
0.0000000e+00 0.0000000e+00 0.0000000e+00 3.9400204e-04 0.0000000e+00
0.0000000e+00 4.6092607e-02 2.5000000e-01 9.3211162e-01 0.0000000e+00
0.0000000e+00
0. 1. 0. 0. 0.00246477 0.
0. 0. 0.02693226 0. 0. 0.
0. 0. 0. 0. 0. 0.
0. 0. 0. 0. 0. 0.
0.00437809 0. 0. 0. 0. 0.
0. 0. 0. 0. 0. 0.
0. 0. 0. 0.02019992 0. 0.
0.08333334 1. 0. 0.
1.0000000e+00 0.0000000e+00 0.0000000e+00 0.0000000e+00 2.4647708e-03
0.0000000e+00 0.0000000e+00 0.0000000e+00 2.6932258e-02 0.0000000e+00
0.0000000e+00 0.0000000e+00 0.0000000e+00 0.0000000e+00 0.0000000e+00
0.0000000e+00 0.0000000e+00 0.0000000e+00 0.0000000e+00 0.0000000e+00
0.0000000e+00 0.0000000e+00 0.0000000e+00 0.0000000e+00 2.0543255e-04
0.0000000e+00 0.0000000e+00 0.0000000e+00 0.0000000e+00 0.0000000e+00
0.0000000e+00 0.0000000e+00 0.0000000e+00 0.0000000e+00 0.0000000e+00
0.0000000e+00 0.0000000e+00 0.0000000e+00 2.0199923e-02 0.0000000e+00
0.0000000e+00 0.0000000e+00 8.3333336e-02 1.6611873e-05 0.0000000e+00
0.0000000e+00
0.0000000e+00 0.0000000e+00 0.0000000e+00 0.0000000e+00 0.0000000e+00
0.0000000e+00 0.0000000e+00 0.0000000e+00 0.0000000e+00 0.0000000e+00
0.0000000e+00 0.0000000e+00 0.0000000e+00 0.0000000e+00 1.0000000e+00
0.0000000e+00 8.8495575e-03 8.8495575e-03 0.0000000e+00 1.0000000e+00
2.8571430e-01 0.0000000e+00 0.0000000e+00 0.0000000e+00 0.0000000e+00
0.0000000e+00 0.0000000e+00 0.0000000e+00 4.3821599e-02 0.0000000e+00
0.0000000e+00 0.0000000e+00 0.0000000e+00 8.6084771e-04 8.3403679e-04
0.0000000e+00 1.0000000e+00 0.0000000e+00 0.0000000e+00 0.0000000e+00
0.0000000e+00 0.0000000e+00 0.0000000e+00 1.3999696e-01 0.0000000e+00
0.0000000e+00
1.00000000e+00 0.00000000e+00 0.00000000e+00 0.00000000e+00
2.33155005e-02 1.00000000e+00 0.00000000e+00 0.00000000e+00
3.64166349e-01 0.00000000e+00 0.00000000e+00 0.00000000e+00
0.00000000e+00 0.00000000e+00 0.00000000e+00 0.00000000e+00
0.00000000e+00 0.00000000e+00 0.00000000e+00 0.00000000e+00
0.00000000e+00 0.00000000e+00 0.00000000e+00 0.00000000e+00
1.11337155e-01 0.00000000e+00 0.00000000e+00 0.00000000e+00
0.00000000e+00 0.00000000e+00 0.00000000e+00 0.00000000e+00
0.00000000e+00 0.00000000e+00 0.00000000e+00 0.00000000e+00
0.00000000e+00 0.00000000e+00 2.35153475e-05 0.00000000e+00
0.00000000e+00 0.00000000e+00 8.33333358e-02 4.36913639e-01
0.00000000e+00 0.00000000e+00
1.0000000e+00 0.0000000e+00 0.0000000e+00 0.0000000e+00 1.9052075e-02
1.0000000e+00 0.0000000e+00 0.0000000e+00 3.6416635e-01 0.0000000e+00
0.0000000e+00 0.0000000e+00 0.0000000e+00 0.0000000e+00 0.0000000e+00
0.0000000e+00 0.0000000e+00 0.0000000e+00 0.0000000e+00 0.0000000e+00
0.0000000e+00 0.0000000e+00 0.0000000e+00 0.0000000e+00 3.7327018e-02
0.0000000e+00 0.0000000e+00 0.0000000e+00 0.0000000e+00 0.0000000e+00
0.0000000e+00 0.0000000e+00 0.0000000e+00 0.0000000e+00 0.0000000e+00
0.0000000e+00 0.0000000e+00 0.0000000e+00 2.3515347e-05 0.0000000e+00
0.0000000e+00 0.0000000e+00 8.3333336e-02 2.0096926e-01 0.0000000e+00
0.0000000e+00
